# n,  x, eps, mun, mun_std, mup, mup_std,  mue, P, P_e, P_std, E, E_std
0.0000000000e+00 1.0792056518e-01 0.0000000000e+00 nan nan nan nan 5.1100000000e-01 nan 0.0000000000e+00 nan -7.7422939672e-04 0.0000000000e+00
1.0000000000e-03 5.0243386479e-04 9.4032791489e-01 1.2161353524e+00 2.2083623754e-04 -2.8817988820e+00 2.6392517578e-04 4.8799342346e+00 4.5051187395e-04 6.0309869085e-07 1.4800581778e-07 7.6356453751e-01 7.3217356140e-05
2.0000000000e-03 1.0567733064e-03 1.8814111975e+00 1.8125582503e+00 8.8830571356e-04 -5.2563391655e+00 1.0596545385e-03 7.8508974159e+00 1.3262457839e-03 4.1222208718e-06 1.1941844130e-06 1.1419651362e+00 2.9355562243e-04
3.0000000000e-03 1.6536275854e-03 2.8230027427e+00 2.2817699658e+00 2.0078759221e-03 -7.3602582148e+00 2.3912591590e-03 1.0424028181e+01 2.4833197770e-03 1.2881798779e-05 4.0584574191e-06 1.4380523830e+00 6.6169109133e-04
4.0000000000e-03 2.2664945740e-03 3.7650047340e+00 2.6833567308e+00 3.5839659436e-03 -9.2740153984e+00 4.2619022319e-03 1.2739372130e+01 3.8685653673e-03 2.8804359761e-05 9.6786166900e-06 1.6891140699e+00 1.1781209976e-03
5.0000000000e-03 2.8816240691e-03 4.7073582414e+00 3.0410849922e+00 5.6204930826e-03 -1.1040356903e+01 6.6743958408e-03 1.4863441895e+01 5.4506667676e-03 5.3443988515e-05 1.9007676506e-05 1.9103742168e+00 1.8432682999e-03
6.0000000000e-03 3.4911662278e-03 5.6500224505e+00 3.3672907812e+00 8.1210769064e-03 -1.2686526325e+01 9.6314088807e-03 1.6835817107e+01 7.2079304619e-03 8.8043480689e-05 3.3012502643e-05 2.1099224935e+00 2.6575200523e-03
7.0000000000e-03 4.0904840055e-03 6.5929668712e+00 3.6693417547e+00 1.1089132778e-02 -1.4231669979e+01 1.3135556530e-02 1.8683011733e+01 9.1239314553e-03 1.3358977946e-04 5.2672913082e-05 2.2926991732e+00 3.6212458809e-03
8.0000000000e-03 4.6768495417e-03 7.5361676010e+00 3.9520516548e+00 1.4527930357e-02 -1.5690094118e+01 1.7189438550e-02 2.0424145773e+01 1.1185528058e-02 1.9086231425e-04 7.8981066016e-05 2.4619972871e+00 4.7348077797e-03
9.0000000000e-03 5.2487313603e-03 8.4796052577e+00 4.2187715380e+00 1.8440652995e-02 -1.7072946456e+01 2.1795699354e-02 2.2073717994e+01 1.3381816083e-02 2.6047362121e-04 1.1294120152e-04 2.6201485764e+00 5.9985654947e-03
1.0000000000e-02 5.8053729590e-03 9.4232637235e+00 4.4719482602e+00 2.2830383833e-02 -1.8389181704e+01 2.6956998365e-02 2.3643129964e+01 1.5703521736e-02 3.4290292958e-04 1.5556907292e-04 2.7688787009e+00 7.4128794737e-03
1.1000000000e-02 6.3465299036e-03 1.0367129328e+01 4.7134369520e+00 2.7700141976e-02 -1.9646160209e+01 3.2676021147e-02 2.5141597161e+01 1.8142623720e-02 4.3852372344e-04 2.0789176126e-04 2.9095086112e+00 8.9781124056e-03
1.2000000000e-02 6.8722990820e-03 1.1311190289e+01 4.9446877795e+00 3.3052937512e-02 -2.0850041186e+01 3.8955578037e-02 2.6576728965e+01 2.0692104679e-02 5.4762625292e-04 2.7094803957e-04 3.0430766307e+00 1.0694629925e-02
1.3000000000e-02 7.3830047530e-03 1.2255436316e+01 5.1668637230e+00 3.8891666678e-02 -2.2006053155e+01 4.5798398546e-02 2.7954916878e+01 2.3345780652e-02 6.7043589381e-04 3.4578682921e-04 3.1704166676e+00 1.2562800814e-02
1.4000000000e-02 7.8791206269e-03 1.3199858319e+01 5.3809180264e+00 4.5219233163e-02 -2.3118686598e+01 5.3207330856e-02 2.9281604625e+01 2.6098179963e-02 8.0712807393e-04 4.3346845470e-04 3.2922104920e+00 1.4582996919e-02
1.5000000000e-02 8.3612159339e-03 1.4144448192e+01 5.5876467688e+00 5.2038533073e-02 -2.4191835825e+01 6.1185265922e-02 3.0561482593e+01 2.8944453613e-02 9.5784041168e-04 5.3506420513e-04 3.4090238436e+00 1.6755592886e-02
1.6000000000e-02 8.8299175779e-03 1.5089198643e+01 5.7877258187e+00 5.9352382149e-02 -2.5228905709e+01 6.9735101161e-02 3.1798631528e+01 3.1880308124e-02 1.1226825596e-03 6.5165558388e-04 3.5213322610e+00 1.9080965823e-02
1.7000000000e-02 9.2858833812e-03 1.6034103066e+01 5.9817373136e+00 6.7163594555e-02 -2.6232893887e+01 7.8859780738e-02 3.2996631198e+01 3.4901952790e-02 1.3017441650e-03 7.8433445313e-04 3.6295399586e+00 2.1559494917e-02
1.8000000000e-02 9.7297833287e-03 1.6979155439e+01 6.1701891033e+00 7.5474957511e-02 -2.7206455373e+01 8.8562226230e-02 3.4158644476e+01 3.8006058218e-02 1.4951013295e-03 9.3420326398e-04 3.7339939055e+00 2.4191561051e-02
1.9000000000e-02 1.0162286111e-02 1.7924350240e+01 6.3535292515e+00 8.4289235547e-02 -2.8151953839e+01 9.8845440774e-02 3.5287483089e+01 4.1189721712e-02 1.7028217697e-03 1.1023745975e-03 3.8349945698e+00 2.6977546432e-02
2.0000000000e-02 1.0584049875e-02 1.8869682380e+01 6.5321570297e+00 9.3609237206e-02 -2.9071503228e+01 1.0971254843e-01 3.6385660257e+01 4.4450439095e-02 1.9249689876e-03 1.2899726309e-03 3.9328041591e+00 2.9917834253e-02
2.1000000000e-02 1.0995715795e-02 1.9815147151e+01 6.7064314838e+00 1.0343761915e-01 -2.9967001676e+01 1.2116640525e-01 3.7455433159e+01 4.7786079947e-02 2.1616055906e-03 1.4981287473e-03 4.0276532190e+00 3.3012808379e-02
2.2000000000e-02 1.1397903745e-02 2.0760740181e+01 6.8766779734e+00 1.1377716216e-01 -3.0840159662e+01 1.3321019171e-01 3.8498837635e+01 5.1194866221e-02 2.4127959191e-03 1.7279873581e-03 4.1197457148e+00 3.6262853075e-02
2.3000000000e-02 1.1791209464e-02 2.1706457396e+01 7.0431934728e+00 1.2463053579e-01 -3.1692523335e+01 1.4584696641e-01 3.9517716807e+01 5.4675353532e-02 2.6786080965e-03 1.9807010530e-03 4.2092632382e+00 3.9668352770e-02
2.4000000000e-02 1.2176202953e-02 2.2652294988e+01 7.2062507104e+00 1.3600048267e-01 -3.2525494346e+01 1.5907978401e-01 4.0513745057e+01 5.8226413797e-02 2.9591156427e-03 2.2574334630e-03 4.2963683441e+00 4.3229691859e-02
2.5000000000e-02 1.2553427620e-02 2.3598249394e+01 7.3661015689e+00 1.4788959675e-01 -3.3340346556e+01 1.7291178674e-01 4.1488448125e+01 6.1847219627e-02 3.2543986909e-03 2.5593567213e-03 4.3812073337e+00 4.6947254535e-02
2.6000000000e-02 1.2923400026e-02 2.4544317266e+01 7.5229797871e+00 1.6030063243e-01 -3.4138240347e+01 1.8734606696e-01 4.2443220134e+01 6.5537229546e-02 3.5645448893e-03 2.8876542886e-03 4.4639124989e+00 5.0821424659e-02
2.7000000000e-02 1.3286610088e-02 2.5490495460e+01 7.6771032406e+00 1.7323618605e-01 -3.4920234920e+01 2.0238570478e-01 4.3379338161e+01 6.9296174947e-02 3.8896500590e-03 3.2435179706e-03 4.5446040196e+00 5.4852585660e-02
2.8000000000e-02 1.3643521577e-02 2.6436781013e+01 7.8286757696e+00 1.8669900141e-01 -3.5687298960e+01 2.1803399780e-01 4.4297974730e+01 7.3124046275e-02 4.2298186358e-03 3.6281520351e-03 4.6233915482e+00 5.9041120463e-02
2.9000000000e-02 1.3994572851e-02 2.7383171135e+01 7.9778887309e+00 2.0069151764e-01 -3.6440319906e+01 2.3429379149e-01 4.5200208637e+01 7.7021081776e-02 4.5851639557e-03 4.0427633551e-03 4.7003755026e+00 6.3387411436e-02
3.0000000000e-02 1.4340177640e-02 2.8329663193e+01 8.1249223747e+00 2.1521660032e-01 -3.7180111883e+01 2.5116856995e-01 4.6087034257e+01 8.0987755316e-02 4.9558083572e-03 4.4885789515e-03 4.7756482916e+00 6.7891840380e-02
3.1000000000e-02 1.4680726120e-02 2.9276254702e+01 8.2699468347e+00 2.3027670271e-01 -3.7907423027e+01 2.6866129618e-01 4.6959369862e+01 8.5024765904e-02 5.3418832567e-03 4.9668260084e-03 4.8492951309e+00 7.2554788516e-02
3.2000000000e-02 1.5016585782e-02 3.0222943312e+01 8.4131231017e+00 2.4587454682e-01 -3.8622941565e+01 2.8677526412e-01 4.7818064667e+01 8.9133025351e-02 5.7435290196e-03 5.4787480322e-03 4.9213949595e+00 7.7376636511e-02
3.3000000000e-02 1.5348102571e-02 3.1169726809e+01 8.5546039037e+00 2.6201271786e-01 -3.9327301369e+01 3.0551363958e-01 4.8663905273e+01 9.3313650317e-02 6.1608948649e-03 6.0255941990e-03 4.9920211370e+00 8.2357764509e-02
3.4000000000e-02 1.5675601858e-02 3.2116603097e+01 8.6945342956e+00 2.7869376583e-01 -4.0021086907e+01 3.2487954898e-01 4.9497621202e+01 9.7567951168e-02 6.5941386367e-03 6.6086225871e-03 5.0612419908e+00 8.7498552191e-02
3.5000000000e-02 1.5999389489e-02 3.3063570196e+01 8.8330522740e+00 2.9592038292e-01 -4.0704837615e+01 3.4487635249e-01 5.0319889891e+01 1.0189742133e-01 7.0434265639e-03 7.2291050225e-03 5.1291213839e+00 9.2799378830e-02
3.6000000000e-02 1.6319752769e-02 3.4010626239e+01 8.9702894019e+00 3.1369508926e-01 -4.1379051704e+01 3.6550700327e-01 5.1131341106e+01 1.0630373124e-01 7.5089329655e-03 7.8883180698e-03 5.1957191796e+00 9.8260623383e-02
3.7000000000e-02 1.6636961465e-02 3.4957769460e+01 9.1063711221e+00 3.3202054332e-01 -4.2044189805e+01 3.8677503722e-01 5.1932560927e+01 1.1078871591e-01 7.9908399524e-03 8.5875525667e-03 5.2610915917e+00 1.0388266457e-01
3.8000000000e-02 1.6951268658e-02 3.5904998197e+01 9.2414172903e+00 3.5089932740e-01 -4.2700677926e+01 4.0868350158e-01 5.2724095216e+01 1.1535436907e-01 8.4893370364e-03 9.3281029065e-03 5.3252915883e+00 1.0966588099e-01
3.9000000000e-02 1.7262911783e-02 3.6852310881e+01 9.3755424952e+00 3.7033398716e-01 -4.3348910457e+01 4.3123567678e-01 5.3506452950e+01 1.2000283373e-01 9.0046208661e-03 1.0111278500e-02 5.3883691783e+00 1.1561065120e-01
4.0000000000e-02 1.7572113325e-02 3.7799706037e+01 9.5088563594e+00 3.9032723679e-01 -4.3989252577e+01 4.5443490581e-01 5.4280108937e+01 1.2473639412e-01 9.5368947537e-03 1.0938396838e-02 5.4503716734e+00 1.2171735388e-01
4.1000000000e-02 1.7879081753e-02 3.8747182277e+01 9.6414638559e+00 4.1088153219e-01 -4.4622042673e+01 4.7828441104e-01 5.5045506529e+01 1.2955746932e-01 1.0086368375e-02 1.1810783292e-02 5.5113439104e+00 1.2798636791e-01
4.2000000000e-02 1.8184012220e-02 3.9694738296e+01 9.7734655554e+00 4.3199940728e-01 -4.5247594363e+01 5.0278729370e-01 5.5803059918e+01 1.3446860412e-01 1.0653257337e-02 1.2729766249e-02 5.5713284980e+00 1.3441807254e-01
4.3000000000e-02 1.8487087355e-02 4.0642372873e+01 9.9049578675e+00 4.5368386583e-01 -4.5866198452e+01 5.2794729298e-01 5.6553156319e+01 1.3947246379e-01 1.1237782834e-02 1.3696710227e-02 5.6303659591e+00 1.4101284749e-01
4.4000000000e-02 1.8788477888e-02 4.1590084865e+01 1.0036033317e+01 4.7593714306e-01 -4.6478124546e+01 5.5376730665e-01 5.7296157863e+01 1.4457182635e-01 1.1840171206e-02 1.4712955992e-02 5.6884949859e+00 1.4777107314e-01
4.5000000000e-02 1.9088343336e-02 4.2537873206e+01 1.0166780628e+01 4.9876174712e-01 -4.7083622769e+01 5.8025069204e-01 5.8032403397e+01 1.4976957581e-01 1.2460653572e-02 1.5779861640e-02 5.7457524764e+00 1.5469313061e-01
4.6000000000e-02 1.9386832663e-02 4.3485736903e+01 1.0297285037e+01 5.2216069933e-01 -4.7682925120e+01 6.0740113948e-01 5.8762210157e+01 1.5506869714e-01 1.3099465482e-02 1.6898822180e-02 5.8021737716e+00 1.6177940198e-01
4.7000000000e-02 1.9684084776e-02 4.4433675034e+01 1.0427628316e+01 5.4613615888e-01 -4.8276246847e+01 6.3522138358e-01 5.9485875164e+01 1.6047226903e-01 1.3756846461e-02 1.8071195973e-02 5.8577926644e+00 1.6903027038e-01
4.8000000000e-02 1.9980229121e-02 4.5381686747e+01 1.0557889111e+01 5.7069115798e-01 -4.8863787529e+01 6.6371542924e-01 6.0203676640e+01 1.6598345957e-01 1.4433039658e-02 1.9298400970e-02 5.9126416558e+00 1.7644612018e-01
4.9000000000e-02 2.0275386221e-02 4.6329771255e+01 1.0688142902e+01 5.9582801282e-01 -4.9445732379e+01 6.9288631579e-01 6.0915875281e+01 1.7160551951e-01 1.5128291496e-02 2.0581823319e-02 5.9667518966e+00 1.8402733714e-01
5.0000000000e-02 2.0569668070e-02 4.7277927842e+01 1.0818462298e+01 6.2154951569e-01 -5.0022253023e+01 7.2273736938e-01 6.1622715320e+01 1.7734177811e-01 1.5842851209e-02 2.1922886342e-02 6.0201534165e+00 1.9177430858e-01
5.1000000000e-02 2.0863178728e-02 4.8226155850e+01 1.0948917065e+01 6.4785818872e-01 -5.0593508667e+01 7.5327219479e-01 6.2324425732e+01 1.8319563817e-01 1.6576970601e-02 2.3323003271e-02 6.0728751007e+00 1.9968742350e-01
5.2000000000e-02 2.1156014635e-02 4.9174454684e+01 1.1079574259e+01 6.7475689102e-01 -5.1159646833e+01 7.8449439430e-01 6.3021221091e+01 1.8917057028e-01 1.7330903571e-02 2.4783619383e-02 6.1249448045e+00 2.0776707278e-01
5.3000000000e-02 2.1448265059e-02 5.0122823811e+01 1.1210498378e+01 7.0224812690e-01 -5.1720804155e+01 8.1640725063e-01 6.3713302533e+01 1.9527011007e-01 1.8104905792e-02 2.6306173889e-02 6.1763894215e+00 2.1601364931e-01
5.4000000000e-02 2.1740012435e-02 5.1071262758e+01 1.1341751478e+01 7.3033426506e-01 -5.2277107070e+01 8.4901354155e-01 6.4400858548e+01 2.0149785232e-01 1.8899234309e-02 2.7892096236e-02 6.2272349926e+00 2.2442754820e-01
5.5000000000e-02 2.2031332836e-02 5.2019771108e+01 1.1473393208e+01 7.5901869846e-01 -5.2828672660e+01 8.8231814737e-01 6.5084065869e+01 2.0785744813e-01 1.9714147311e-02 2.9542892011e-02 6.2775066636e+00 2.3300916688e-01
5.6000000000e-02 2.2322296160e-02 5.2968348499e+01 1.1605480945e+01 7.8830355577e-01 -5.3375609108e+01 9.1632356737e-01 6.5763090056e+01 2.1435260116e-01 2.0549903623e-02 3.1260007871e-02 6.3272287876e+00 2.4175890529e-01
5.7000000000e-02 2.2612966622e-02 5.3916994628e+01 1.1738069925e+01 8.1819155437e-01 -5.3918016403e+01 9.5103355316e-01 6.6438086328e+01 2.2098706267e-01 2.1406762555e-02 3.3044921074e-02 6.3764250243e+00 2.5067716604e-01
5.8000000000e-02 2.2903402814e-02 5.4865709241e+01 1.1871213213e+01 8.4868563270e-01 -5.4455986754e+01 9.8645169586e-01 6.7109199967e+01 2.2776463036e-01 2.2284983293e-02 3.4899141188e-02 6.4251182492e+00 2.5976435458e-01
5.9000000000e-02 2.3193658255e-02 5.5814492142e+01 1.2004961969e+01 8.7978845129e-01 -5.4989605181e+01 1.0225818959e+00 6.7776567149e+01 2.3468914330e-01 2.3184824886e-02 3.6824171622e-02 6.4733307835e+00 2.6902087934e-01
6.0000000000e-02 2.3483781457e-02 5.6763343184e+01 1.2139365340e+01 9.1150264742e-01 -5.5518949967e+01 1.0594271593e+00 6.8440315305e+01 2.4176447896e-01 2.4106545676e-02 3.8821510927e-02 6.5210842669e+00 2.7844715190e-01
6.1000000000e-02 2.3773816293e-02 5.7712262272e+01 1.2274470645e+01 9.4383140582e-01 -5.6044093087e+01 1.0969921666e+00 6.9100563732e+01 2.4899455318e-01 2.5050403123e-02 4.0892733127e-02 6.5683997409e+00 2.8804358710e-01
6.2000000000e-02 2.4063802173e-02 5.8661249361e+01 1.2410323429e+01 9.7677661496e-01 -5.6565100587e+01 1.1352790481e+00 6.9757424016e+01 2.5638331317e-01 2.6016653420e-02 4.3039294608e-02 6.6152977421e+00 2.9781060329e-01
6.3000000000e-02 2.4353774293e-02 5.9610304456e+01 1.2546967510e+01 1.0103418634e+00 -5.7082032984e+01 1.1742927045e+00 7.0411000494e+01 2.6393473872e-01 2.7005551206e-02 4.5262803950e-02 6.6617982509e+00 3.0774862238e-01
6.4000000000e-02 2.4643763808e-02 6.0559427610e+01 1.2684445088e+01 1.0445295296e+00 -5.7594945551e+01 1.2140363976e+00 7.1061390639e+01 2.7165283761e-01 2.8017349215e-02 4.7564797740e-02 6.7079207967e+00 3.1785807007e-01
6.5000000000e-02 2.4933798135e-02 6.1508618925e+01 1.2822796743e+01 1.0793424598e+00 -5.8103888795e+01 1.2545137711e+00 7.1708685537e+01 2.7954164479e-01 2.9052298119e-02 4.9946830296e-02 6.7536843941e+00 3.2813937592e-01
6.6000000000e-02 2.5223901007e-02 6.2457878547e+01 1.2962061546e+01 1.1147839218e+00 -5.8608908590e+01 1.2957292101e+00 7.2352970136e+01 2.8760521963e-01 3.0110646041e-02 5.2410519839e-02 6.7991076377e+00 3.3859297360e-01
6.7000000000e-02 2.5514092755e-02 6.3407206673e+01 1.3102277148e+01 1.1508556697e+00 -5.9110046528e+01 1.3376852476e+00 7.2994323677e+01 2.9584764528e-01 3.1192638415e-02 5.4957389722e-02 6.8442087273e+00 3.4921930092e-01
6.8000000000e-02 2.5804390463e-02 6.4356603544e+01 1.3243479735e+01 1.1875616933e+00 -5.9607340273e+01 1.3803869636e+00 7.3632820008e+01 3.0427302393e-01 3.2298517696e-02 5.7589113782e-02 6.8890054365e+00 3.6001880005e-01
6.9000000000e-02 2.6094808018e-02 6.5306069446e+01 1.3385704160e+01 1.2249047324e+00 -6.0100823614e+01 1.4238379666e+00 7.4268527774e+01 3.1288547888e-01 3.3428522878e-02 6.0307284374e-02 6.9335151681e+00 3.7099191764e-01
7.0000000000e-02 2.6385356476e-02 6.6255604711e+01 1.3528984015e+01 1.2628870197e+00 -6.0590526898e+01 1.4680416705e+00 7.4901510913e+01 3.2168915151e-01 3.4582889591e-02 6.3113499412e-02 6.9777549902e+00 3.8213910494e-01
7.1000000000e-02 2.6676044011e-02 6.7205209715e+01 1.3673351612e+01 1.3015119397e+00 -6.1076477118e+01 1.5130022558e+00 7.5531828730e+01 3.3068819824e-01 3.5761849501e-02 6.6009409143e-02 7.0217416342e+00 3.9346081794e-01
7.2000000000e-02 2.6966876126e-02 6.8154884878e+01 1.3818838055e+01 1.3407817363e+00 -6.1558698170e+01 1.5587229360e+00 7.6159536226e+01 3.3988679295e-01 3.6965630166e-02 6.8996617674e-02 7.0654914708e+00 4.0495751752e-01
7.3000000000e-02 2.7257855839e-02 6.9104630662e+01 1.3965473290e+01 1.3807009762e+00 -6.2037211093e+01 1.6052099141e+00 7.6784684383e+01 3.4928912111e-01 3.8194454889e-02 7.2076896068e-02 7.1090205951e+00 4.1662966956e-01
7.4000000000e-02 2.7548983706e-02 7.0054447578e+01 1.4113286244e+01 1.4212713853e+00 -6.2512034051e+01 1.6524654954e+00 7.7407320294e+01 3.5889938444e-01 3.9448542268e-02 7.5251850889e-02 7.1523448621e+00 4.2847774506e-01
7.5000000000e-02 2.7840258033e-02 7.1004336174e+01 1.4262304644e+01 1.4624959488e+00 -6.2983182820e+01 1.7004937049e+00 7.8027487465e+01 3.6872179278e-01 4.0728106140e-02 7.8523132307e-02 7.1954797709e+00 4.4050222027e-01
7.6000000000e-02 2.8131674905e-02 7.1954297043e+01 1.4412555294e+01 1.5043779409e+00 -6.3450670637e+01 1.7492986788e+00 7.8645225933e+01 3.7876057142e-01 4.2033355168e-02 8.1892454770e-02 7.2384406056e+00 4.5270357681e-01
7.7000000000e-02 2.8423228348e-02 7.2904330819e+01 1.4564063958e+01 1.5469204128e+00 -6.3914508550e+01 1.7988848948e+00 7.9260572507e+01 3.8901995290e-01 4.3364492712e-02 8.5361540304e-02 7.2812423904e+00 4.6508230179e-01
7.8000000000e-02 2.8714910438e-02 7.3854438181e+01 1.4716855499e+01 1.5901266046e+00 -6.4374705459e+01 1.8492568194e+00 7.9873560957e+01 3.9950418162e-01 4.4721716623e-02 8.8932124633e-02 7.3238999270e+00 4.7763888792e-01
7.9000000000e-02 2.9006711370e-02 7.4804619848e+01 1.4870953850e+01 1.6339989643e+00 -6.4831268298e+01 1.9004179170e+00 8.0484222148e+01 4.1021750883e-01 4.6105218949e-02 9.2605889901e-02 7.3664278025e+00 4.9037383358e-01
8.0000000000e-02 2.9298619602e-02 7.5754876578e+01 1.5026382049e+01 1.6785415797e+00 -6.5284202201e+01 1.9523734291e+00 8.1092584250e+01 4.2116419637e-01 4.7515185827e-02 9.6384639596e-02 7.4088403360e+00 5.0328764297e-01
8.1000000000e-02 2.9590621805e-02 7.6705209175e+01 1.5183162351e+01 1.7237565929e+00 -6.5733510413e+01 2.0051267133e+00 8.1698672763e+01 4.3234851289e-01 4.8951796977e-02 1.0027007177e-01 7.4511517274e+00 5.1638082624e-01
8.2000000000e-02 2.9882703203e-02 7.7655618482e+01 1.5341316147e+01 1.7696479073e+00 -6.6179194745e+01 2.0586829182e+00 8.2302510892e+01 4.4377473306e-01 5.0415226036e-02 1.0426401455e-01 7.4933759267e+00 5.2965389949e-01
8.3000000000e-02 3.0174847341e-02 7.8606105382e+01 1.5500864082e+01 1.8162177610e+00 -6.6621255312e+01 2.1130445414e+00 8.2904119393e+01 4.5544714203e-01 5.1905639680e-02 1.0836816148e-01 7.5355267016e+00 5.4310738497e-01
8.4000000000e-02 3.0467036482e-02 7.9556670801e+01 1.5661826081e+01 1.8634706651e+00 -6.7059690915e+01 2.1682191490e+00 8.3503516997e+01 4.6737002820e-01 5.3423198130e-02 1.1258443548e-01 7.5776176980e+00 5.5674181107e-01
8.5000000000e-02 3.0759251405e-02 8.0507315702e+01 1.5824221294e+01 1.9114088911e+00 -6.7494498981e+01 2.2242086518e+00 8.4100720277e+01 4.7954768805e-01 5.4968054341e-02 1.1691456004e-01 7.6196623238e+00 5.7055771251e-01
8.6000000000e-02 3.1051471678e-02 8.1458041092e+01 1.5988068221e+01 1.9600355562e+00 -6.7925675722e+01 2.2810177386e+00 8.4695743943e+01 4.9198442275e-01 5.6540354272e-02 1.2136032406e-01 7.6616738763e+00 5.8455563034e-01
8.7000000000e-02 3.1343675621e-02 8.2408848019e+01 1.6153384721e+01 2.0093543294e+00 -6.8353216139e+01 2.3386519229e+00 8.5288600861e+01 5.0468453934e-01 5.8140236480e-02 1.2592364008e-01 7.7036655193e+00 5.9873611208e-01
8.8000000000e-02 3.1635840405e-02 8.3359737564e+01 1.6320187949e+01 2.0593691513e+00 -6.8777114236e+01 2.3971165237e+00 8.5879302184e+01 5.1765235222e-01 5.9767832006e-02 1.3060637092e-01 7.7456501844e+00 6.1309971173e-01
8.9000000000e-02 3.1927942126e-02 8.4310710858e+01 1.6488494525e+01 2.1100823011e+00 -6.9197362934e+01 2.4564143851e+00 8.6467857459e+01 5.3089217709e-01 6.1423264252e-02 1.3541033373e-01 7.7876407855e+00 6.2764698991e-01
9.0000000000e-02 3.2219955849e-02 8.5261769065e+01 1.6658320426e+01 2.1614970369e+00 -6.9613954273e+01 2.5165501205e+00 8.7054274703e+01 5.4440833793e-01 6.3106648761e-02 1.4033734731e-01 7.8296500122e+00 6.4237851389e-01
9.1000000000e-02 3.2511855649e-02 8.6212913388e+01 1.6829681066e+01 2.2136176239e+00 -7.0026879419e+01 2.5775303658e+00 8.7638560485e+01 5.5820516212e-01 6.4818093045e-02 1.4538942615e-01 7.8716904489e+00 6.5729485768e-01
9.2000000000e-02 3.2803614739e-02 8.7164145080e+01 1.7002591396e+01 2.2664464780e+00 -7.0436128666e+01 2.6393576867e+00 8.8220720062e+01 5.7228698217e-01 6.6557696595e-02 1.5056835289e-01 7.9137746341e+00 6.7239660204e-01
9.3000000000e-02 3.3095205456e-02 8.8115465418e+01 1.7177065714e+01 2.3199878443e+00 -7.0841691692e+01 2.7020382046e+00 8.8800757405e+01 5.8665813441e-01 6.8325550584e-02 1.5587614359e-01 7.9559148703e+00 6.8768433460e-01
9.4000000000e-02 3.3386599315e-02 8.9066875731e+01 1.7353117925e+01 2.3742450515e+00 -7.1243557354e+01 2.7655764452e+00 8.9378675278e+01 6.0132295994e-01 7.0121737724e-02 1.6131471764e-01 7.9981234614e+00 7.0315864988e-01
9.5000000000e-02 3.3677767143e-02 9.0018377381e+01 1.7530761376e+01 2.4292209654e+00 -7.1641714002e+01 2.8299772974e+00 8.9954475378e+01 6.1628580434e-01 7.1946332374e-02 1.6688596004e-01 8.0404125216e+00 7.1882014933e-01
9.6000000000e-02 3.3968678970e-02 9.0969971770e+01 1.7710008973e+01 2.4849198954e+00 -7.2036149298e+01 2.8952461258e+00 9.0528158272e+01 6.3155101675e-01 7.3799399978e-02 1.7259191471e-01 8.0827941099e+00 7.3466944145e-01
9.7000000000e-02 3.4259304302e-02 9.1921660342e+01 1.7890873164e+01 2.5413442830e+00 -7.2426850491e+01 2.9613873235e+00 9.1099723654e+01 6.4712294830e-01 7.5680997586e-02 1.7843445752e-01 8.1252801844e+00 7.5070714166e-01
9.8000000000e-02 3.4549611928e-02 9.2873444574e+01 1.8073365966e+01 2.5984990901e+00 -7.2813804237e+01 3.0284067205e+00 9.1669170204e+01 6.6300595802e-01 7.7591173075e-02 1.8441571621e-01 8.1678825879e+00 7.6693387256e-01
9.9000000000e-02 3.4839570100e-02 9.3825325989e+01 1.8257498980e+01 2.6563865212e+00 -7.3196996779e+01 3.0963079480e+00 9.2236495759e+01 6.7920440484e-01 7.9529965418e-02 1.9053754162e-01 8.2106131102e+00 7.8335026384e-01
1.0000000000e-01 3.5129146621e-02 9.4777306144e+01 1.8443283394e+01 2.7150111935e+00 -7.3576414027e+01 3.1650979233e+00 9.2801697420e+01 6.9572265289e-01 8.1497404758e-02 1.9680209309e-01 8.2534834223e+00 7.9995695225e-01
1.0100000000e-01 3.5418308725e-02 9.5729386636e+01 1.8630730020e+01 2.7743764471e+00 -7.3952041435e+01 3.2347813672e+00 9.3364771455e+01 7.1256506957e-01 8.3493511815e-02 2.0321133445e-01 8.2965051393e+00 8.1675458181e-01
1.0200000000e-01 3.5707023255e-02 9.6681569098e+01 1.8819849250e+01 2.8344858252e+00 -7.4323864222e+01 3.3053630925e+00 9.3925713474e+01 7.2973602516e-01 8.5518298235e-02 2.0976738021e-01 8.3396897504e+00 8.3374380365e-01
1.0300000000e-01 3.5995256636e-02 9.7633855205e+01 1.9010651139e+01 2.8953421044e+00 -7.4691867286e+01 3.3768468182e+00 9.4484518424e+01 7.4723989156e-01 8.7571766306e-02 2.1647211998e-01 8.3830487123e+00 8.5092527618e-01
1.0400000000e-01 3.6282974954e-02 9.8586246667e+01 1.9203145376e+01 2.9569505696e+00 -7.5056035290e+01 3.4492409010e+00 9.5041180667e+01 7.6508104473e-01 8.9653909032e-02 2.2332787299e-01 8.4265933781e+00 8.6829966496e-01
1.0500000000e-01 3.6570143905e-02 9.9538745237e+01 1.9397341359e+01 3.0193152104e+00 -7.5416352594e+01 3.5225509458e+00 9.5595693950e+01 7.8326386433e-01 9.1764709777e-02 2.3033669507e-01 8.4703350765e+00 8.8586764288e-01
1.0600000000e-01 3.6856728958e-02 1.0049135270e+02 1.9593248019e+01 3.0824371053e+00 -7.5772803541e+01 3.5967783751e+00 9.6148051560e+01 8.0179272855e-01 9.3904142646e-02 2.3750048994e-01 8.5142849602e+00 9.0362989001e-01
1.0700000000e-01 3.7142695340e-02 1.0144407087e+02 1.9790874094e+01 3.1463229713e+00 -7.6125372222e+01 3.6719331624e+00 9.6698246318e+01 8.2067202115e-01 9.6072172259e-02 2.4482167315e-01 8.5584542054e+00 9.2158709368e-01
1.0800000000e-01 3.7428007967e-02 1.0239690163e+02 1.9990228003e+01 3.2109752042e+00 -7.6474042530e+01 3.7480183208e+00 9.7246270533e+01 8.3990612738e-01 9.8268753394e-02 2.5230219462e-01 8.6028539298e+00 9.3973994852e-01
1.0900000000e-01 3.7712631593e-02 1.0334984686e+02 2.0191317755e+01 3.2763979150e+00 -7.6818798379e+01 3.8250399381e+00 9.7792116135e+01 8.5949943155e-01 1.0049383131e-01 2.5994431677e-01 8.6474950989e+00 9.5808915642e-01
1.1000000000e-01 3.7996530847e-02 1.0430290850e+02 2.0394151097e+01 3.3425949663e+00 -7.7159623627e+01 3.9030041356e+00 9.8335774724e+01 8.7945631892e-01 1.0274734178e-01 2.6775018301e-01 8.6923886417e+00 9.7663542647e-01
1.1100000000e-01 3.8279670159e-02 1.0525608854e+02 2.0598735580e+01 3.4095689957e+00 -7.7496501918e+01 3.9819148526e+00 9.8877237500e+01 8.9978118040e-01 1.0502921068e-01 2.7572186342e-01 8.7375454842e+00 9.9537947509e-01
1.1200000000e-01 3.8562013895e-02 1.0620938896e+02 2.0805078328e+01 3.4773262511e+00 -7.7829417069e+01 4.0617809898e+00 9.9416495398e+01 9.2047840006e-01 1.0733935436e-01 2.8386181707e-01 8.7829764028e+00 1.0143220259e+00
1.1300000000e-01 3.8843526319e-02 1.0716281182e+02 2.1013186297e+01 3.5458694651e+00 -7.8158352755e+01 4.1426068303e+00 9.9953539053e+01 9.4155236960e-01 1.0967767940e-01 2.9217213838e-01 8.8286921552e+00 1.0334638096e+00
1.1400000000e-01 3.9124171619e-02 1.0811635921e+02 2.1223066102e+01 3.6152029840e+00 -7.8483292733e+01 4.2243985232e+00 1.0048835883e+02 9.6300747253e-01 1.1204408259e-01 3.0065511856e-01 8.8747034375e+00 1.0528055645e+00
1.1500000000e-01 3.9403913981e-02 1.0907003324e+02 2.1434724149e+01 3.6853305611e+00 -7.8804220756e+01 4.3071614462e+00 1.0102094491e+02 9.8484809759e-01 1.1443845111e-01 3.0931304472e-01 8.9210208860e+00 1.0723480356e+00
1.1600000000e-01 3.9682717609e-02 1.1002383605e+02 2.1648166510e+01 3.7562554455e+00 -7.9121120744e+01 4.3909008980e+00 1.0155128726e+02 1.0070786294e+00 1.1686066254e-01 3.1814799074e-01 8.9676550180e+00 1.0920919755e+00
1.1700000000e-01 3.9960546656e-02 1.1097776985e+02 2.1863399080e+01 3.8279826922e+00 -7.9433976548e+01 4.4756246389e+00 1.0207937563e+02 1.0297034501e+00 1.1931058450e-01 3.2716247425e-01 9.0146163860e+00 1.1120381436e+00
1.1800000000e-01 4.0237365350e-02 1.1193183684e+02 2.2080427424e+01 3.9005168188e+00 -7.9742772234e+01 4.5613386201e+00 1.0260519966e+02 1.0527269412e+00 1.2178807505e-01 3.3635883713e-01 9.0619153822e+00 1.1321873067e+00
1.1900000000e-01 4.0513137951e-02 1.1288603929e+02 2.2299256936e+01 3.9738600651e+00 -8.0047491871e+01 4.6480469567e+00 1.0312874881e+02 1.0761534802e+00 1.2429298249e-01 3.4573915089e-01 9.1095624266e+00 1.1525402385e+00
1.2000000000e-01 4.0787828891e-02 1.1384037950e+02 2.2519892705e+01 4.0480182772e+00 -8.0348119796e+01 4.7357587271e+00 1.0365001250e+02 1.0999874422e+00 1.2682514582e-01 3.5530606261e-01 9.1575677945e+00 1.1730977198e+00
1.2100000000e-01 4.1061402630e-02 1.1479485977e+02 2.2742339583e+01 4.1229952866e+00 -8.0644640424e+01 4.8244788240e+00 1.0416898001e+02 1.1242331954e+00 1.2938439416e-01 3.6506179106e-01 9.2059417370e+00 1.1938605383e+00
1.2200000000e-01 4.1333823701e-02 1.1574948248e+02 2.2966602237e+01 4.1987957608e+00 -8.0937038241e+01 4.9142142108e+00 1.0468564048e+02 1.1488951057e+00 1.3197054685e-01 3.7500885208e-01 9.2546944822e+00 1.2148294889e+00
1.2300000000e-01 4.1605056925e-02 1.1670425002e+02 2.3192685069e+01 4.2754225829e+00 -8.1225298058e+01 5.0049704283e+00 1.0519998313e+02 1.1739775340e+00 1.3458341432e-01 3.8514946872e-01 9.3038361399e+00 1.2360053734e+00
1.2400000000e-01 4.1875067154e-02 1.1765916480e+02 2.3420592138e+01 4.3528794435e+00 -8.1509404881e+01 5.0967530747e+00 1.0571199702e+02 1.1994848301e+00 1.3722279697e-01 3.9548599977e-01 9.3533767075e+00 1.2573890002e+00
1.2500000000e-01 4.2143819460e-02 1.1861422929e+02 2.3650327484e+01 4.4311732820e+00 -8.1789343731e+01 5.1895714954e+00 1.0622167122e+02 1.2254213426e+00 1.3988848599e-01 4.0602120045e-01 9.4033262753e+00 1.2789811848e+00
1.2600000000e-01 4.2411279099e-02 1.1956944597e+02 2.3881894731e+01 4.5103043402e+00 -8.2065100038e+01 5.2834276746e+00 1.0672899477e+02 1.2517914093e+00 1.4258026311e-01 4.1675703381e-01 9.4536947113e+00 1.3007827495e+00
1.2700000000e-01 4.2677411594e-02 1.2052481737e+02 2.4115297389e+01 4.5902830906e+00 -8.2336659377e+01 5.3783357951e+00 1.0723395677e+02 1.2785993599e+00 1.4529790107e-01 4.2769676335e-01 9.5044919192e+00 1.3227945231e+00
1.2800000000e-01 4.2942182609e-02 1.2148034604e+02 2.4350538665e+01 4.6711088661e+00 -8.2604007586e+01 5.4742962416e+00 1.0773654625e+02 1.3058495146e+00 1.4804116294e-01 4.3884228318e-01 9.5557276761e+00 1.3450173414e+00
1.2900000000e-01 4.3205558096e-02 1.2243603456e+02 2.4587621601e+01 4.7527850462e+00 -8.2867130707e+01 5.5713142275e+00 1.0823675231e+02 1.3335461839e+00 1.5080980288e-01 4.5019584298e-01 9.6074117407e+00 1.3674520466e+00
1.3000000000e-01 4.3467504255e-02 1.2339188553e+02 2.4826548956e+01 4.8353208175e+00 -8.3126015113e+01 5.6694043389e+00 1.0873456407e+02 1.3616936672e+00 1.5360356590e-01 4.6176077532e-01 9.6595537474e+00 1.3900994876e+00
1.3100000000e-01 4.3727987576e-02 1.2434790161e+02 2.5067323286e+01 4.9187181919e+00 -8.3380647444e+01 5.7685687525e+00 1.0922997073e+02 1.3902962498e+00 1.5642218811e-01 4.7353919065e-01 9.7121632973e+00 1.4129605195e+00
1.3200000000e-01 4.3986974801e-02 1.2530408547e+02 2.5309946960e+01 5.0029794966e+00 -8.3631014547e+01 5.8688104535e+00 1.0972296150e+02 1.4193582078e+00 1.5926539656e-01 4.8553343142e-01 9.7652499359e+00 1.4360360043e+00
1.3300000000e-01 4.4244432962e-02 1.2626043980e+02 2.5554422042e+01 5.0881130123e+00 -8.3877103630e+01 5.9701449842e+00 1.1021352567e+02 1.4488837993e+00 1.6213290944e-01 4.9774663464e-01 9.8188230885e+00 1.4593268101e+00
1.3400000000e-01 4.4500329428e-02 1.2721696733e+02 2.5800750440e+01 5.1741201035e+00 -8.4118902182e+01 6.0725730955e+00 1.1070165262e+02 1.4788772691e+00 1.6502443633e-01 5.1018092054e-01 9.8728921570e+00 1.4828338112e+00
1.3500000000e-01 4.4754631866e-02 1.2817367083e+02 2.6048933837e+01 5.2610075180e+00 -8.4356397961e+01 6.1761054095e+00 1.1118733180e+02 1.5093428489e+00 1.6793967808e-01 5.2283926491e-01 9.9274664570e+00 1.5065578884e+00
1.3600000000e-01 4.5007308308e-02 1.2913055306e+02 2.6298973644e+01 5.3487771521e+00 -8.4589579119e+01 6.2807444427e+00 1.1167055276e+02 1.5402847473e+00 1.7087832717e-01 5.3572392333e-01 9.9825552207e+00 1.5304999285e+00
1.3700000000e-01 4.5258327073e-02 1.3008761685e+02 2.6550871063e+01 5.4374351459e+00 -8.4818434084e+01 6.3865010473e+00 1.1215130514e+02 1.5717071599e+00 1.7384006736e-01 5.4883780269e-01 1.0038167590e+01 1.5546608245e+00
1.3800000000e-01 4.5507656884e-02 1.3104486503e+02 2.6804627093e+01 5.5269860049e+00 -8.5042951612e+01 6.4933823856e+00 1.1262957871e+02 1.6036142617e+00 1.7682457436e-01 5.6218355236e-01 1.0094312658e+01 1.5790414753e+00
1.3900000000e-01 4.5755266792e-02 1.3200230046e+02 2.7060242502e+01 5.6174346000e+00 -8.5263120799e+01 6.6013945893e+00 1.1310536330e+02 1.6360102082e+00 1.7983151551e-01 5.7576389339e-01 1.0150999434e+01 1.6036427858e+00
1.4000000000e-01 4.6001126216e-02 1.3295992603e+02 2.7317717784e+01 5.7087858439e+00 -8.5478931116e+01 6.7105470906e+00 1.1357864890e+02 1.6688991306e+00 1.8286055000e-01 5.8958163989e-01 1.0208236826e+01 1.6284656667e+00
1.4100000000e-01 4.6245204979e-02 1.3391774465e+02 2.7577053262e+01 5.8010453559e+00 -8.5690372349e+01 6.8208499528e+00 1.1404942561e+02 1.7022851416e+00 1.8591132919e-01 6.0363978074e-01 1.0266033680e+01 1.6535110345e+00
1.4200000000e-01 4.6487473290e-02 1.3487575925e+02 2.7838249005e+01 5.8942139617e+00 -8.5897434671e+01 6.9323012345e+00 1.1451768368e+02 1.7361723271e+00 1.8898349660e-01 6.1794029872e-01 1.0324398764e+01 1.6787798116e+00
1.4300000000e-01 4.6727901740e-02 1.3583397278e+02 2.8101304847e+01 5.9882975013e+00 -8.6100108611e+01 7.0449151197e+00 1.1498341346e+02 1.7705647492e+00 1.9207668791e-01 6.3248628433e-01 1.0383340747e+01 1.7042729256e+00
1.4400000000e-01 4.6966461341e-02 1.3679238825e+02 2.8366220420e+01 6.0833058720e+00 -8.6298385040e+01 7.1587027116e+00 1.1544660546e+02 1.8054664456e+00 1.9519053130e-01 6.4728129344e-01 1.0442868232e+01 1.7299913099e+00
1.4500000000e-01 4.7203123458e-02 1.3775100863e+02 2.8632995096e+01 6.1792346891e+00 -8.6492255201e+01 7.2736608343e+00 1.1590725030e+02 1.8408814250e+00 1.9832464716e-01 6.6232673006e-01 1.0502989727e+01 1.7559359035e+00
1.4600000000e-01 4.7437859963e-02 1.3870983697e+02 2.8901628024e+01 6.2760961104e+00 -8.6681710769e+01 7.3898074220e+00 1.1636533879e+02 1.8768136675e+00 2.0147864906e-01 6.7762662455e-01 1.0563713651e+01 1.7821076503e+00
1.4700000000e-01 4.7670643094e-02 1.3966887629e+02 2.9172118091e+01 6.3738918057e+00 -8.6866743781e+01 7.5071455419e+00 1.1682086187e+02 1.9132671243e+00 2.0465214300e-01 6.9318331607e-01 1.0625048307e+01 1.8085074998e+00
1.4800000000e-01 4.7901445558e-02 1.4062812968e+02 2.9444463994e+01 6.4726271307e+00 -8.7047346652e+01 7.6256843557e+00 1.1727381065e+02 1.9502457137e+00 2.0784472818e-01 7.0899984959e-01 1.0687001965e+01 1.8351364066e+00
1.4900000000e-01 4.8130240434e-02 1.4158760020e+02 2.9718664178e+01 6.5723050504e+00 -8.7223512150e+01 7.7454295803e+00 1.1772417633e+02 1.9877533266e+00 2.1105599652e-01 7.2507878861e-01 1.0749582762e+01 1.8619953303e+00
1.5000000000e-01 4.8357001313e-02 1.4254729097e+02 2.9994716832e+01 6.6729350451e+00 -8.7395233520e+01 7.8663951578e+00 1.1817195035e+02 2.0257938154e+00 2.1428553353e-01 7.4142380837e-01 1.0812798746e+01 1.8890852356e+00
1.5100000000e-01 4.8581702186e-02 1.4350720510e+02 3.0272619908e+01 6.7745165075e+00 -8.7562504354e+01 7.9885822675e+00 1.1861712426e+02 2.0643710000e+00 2.1753291787e-01 7.5803689479e-01 1.0876657868e+01 1.9164070919e+00
1.5200000000e-01 4.8804317516e-02 1.4446734574e+02 3.0552371174e+01 6.8770562393e+00 -8.7725318623e+01 8.1120014319e+00 1.1905968980e+02 2.1034886648e+00 2.2079772181e-01 7.7492150183e-01 1.0941168030e+01 1.9439618737e+00
1.5300000000e-01 4.9024822187e-02 1.4542771602e+02 3.0833968036e+01 6.9805622912e+00 -8.7883670785e+01 8.2366652799e+00 1.1949963882e+02 2.1431505530e+00 2.2407951110e-01 7.9208102124e-01 1.1006336948e+01 1.9717505599e+00
1.5400000000e-01 4.9243191650e-02 1.4638831914e+02 3.1117407805e+01 7.0850367974e+00 -8.8037555640e+01 8.3625779918e+00 1.1993696345e+02 2.1833603749e+00 2.2737784597e-01 8.0951793234e-01 1.1072172332e+01 1.9997741341e+00
1.5500000000e-01 4.9459401653e-02 1.4734915826e+02 3.1402687438e+01 7.1904842100e+00 -8.8186968401e+01 8.4897485050e+00 1.2037165584e+02 2.2241217961e+00 2.3069227961e-01 8.2723540035e-01 1.1138681738e+01 2.0280335845e+00
1.5600000000e-01 4.9673428534e-02 1.4831023660e+02 3.1689803680e+01 7.2969070152e+00 -8.8331904736e+01 8.6181799747e+00 1.2080370842e+02 2.2654384439e+00 2.3402236008e-01 8.4523579393e-01 1.1205872618e+01 2.0565299035e+00
1.5700000000e-01 4.9885249029e-02 1.4927155736e+02 3.1978753018e+01 7.4043146810e+00 -8.8472360694e+01 8.7478883052e+00 1.2123311371e+02 2.3073139026e+00 2.3736762933e-01 8.6352320182e-01 1.1273752319e+01 2.0852640881e+00
1.5800000000e-01 5.0094840442e-02 1.5023312377e+02 3.2269531764e+01 7.5127133842e+00 -8.8608332738e+01 8.8788839718e+00 1.2165986450e+02 2.3497517100e+00 2.4072762431e-01 8.8210062236e-01 1.1342328163e+01 2.1142371391e+00
1.5900000000e-01 5.0302180429e-02 1.5119493908e+02 3.2562135867e+01 7.6220994151e+00 -8.8739817782e+01 9.0111628832e+00 1.2208395365e+02 2.3927553609e+00 2.4410187585e-01 9.0096994021e-01 1.1411607254e+01 2.1434500617e+00
1.6000000000e-01 5.0507247197e-02 1.5215700653e+02 3.2856561097e+01 7.7324898376e+00 -8.8866813135e+01 9.1447508706e+00 1.2250537423e+02 2.4363283030e+00 2.4748990996e-01 9.2013625078e-01 1.1481596652e+01 2.1729038650e+00
1.6100000000e-01 5.0710019458e-02 1.5311932937e+02 3.3152802943e+01 7.8438740407e+00 -8.8989316586e+01 9.2796359972e+00 1.2292411953e+02 2.4804739351e+00 2.5089124780e-01 9.3960002484e-01 1.1552303281e+01 2.2025995619e+00
1.6200000000e-01 5.0910476294e-02 1.5408191090e+02 3.3450856709e+01 7.9562727820e+00 -8.9107326196e+01 9.4158457307e+00 1.2334018290e+02 2.5251956097e+00 2.5430540489e-01 9.5936709379e-01 1.1623734023e+01 2.2325381692e+00
1.6300000000e-01 5.1108597397e-02 1.5504475438e+02 3.3750717367e+01 8.0696840414e+00 -8.9220840621e+01 9.5533816734e+00 1.2375355799e+02 2.5704966263e+00 2.5773189283e-01 9.7943951785e-01 1.1695895565e+01 2.2627207073e+00
1.6400000000e-01 5.1304362837e-02 1.5600786310e+02 3.4052379596e+01 8.1841122362e+00 -8.9329858916e+01 9.6922519194e+00 1.2416423851e+02 2.6163802306e+00 2.6117021797e-01 9.9982032462e-01 1.1768794472e+01 2.2931482002e+00
1.6500000000e-01 5.1497753239e-02 1.5697124037e+02 3.4355837986e+01 8.2995641480e+00 -8.9434380436e+01 9.8324675575e+00 1.2457221842e+02 2.6628496190e+00 2.6461988268e-01 1.0205130846e+00 1.1842437325e+01 2.3238216753e+00
1.6600000000e-01 5.1688749674e-02 1.5793488949e+02 3.4661086723e+01 8.4160433685e+00 -8.9534405092e+01 9.9740344007e+00 1.2497749182e+02 2.7099079326e+00 2.6808038487e-01 1.0415208089e+00 1.1916830454e+01 2.3547421636e+00
1.6700000000e-01 5.1877333732e-02 1.5889881377e+02 3.4968119830e+01 8.5335551914e+00 -8.9629933150e+01 1.0116964520e+01 1.2538005298e+02 2.7575582543e+00 2.7155121855e-01 1.0628466525e+00 1.1991980177e+01 2.3859106989e+00
1.6800000000e-01 5.2063487429e-02 1.5986301651e+02 3.5276930938e+01 8.6521060843e+00 -8.9720965403e+01 1.0261265577e+01 1.2577989634e+02 2.8058036118e+00 2.7503187344e-01 1.0844943207e+00 1.2067892558e+01 2.4173283185e+00
1.6900000000e-01 5.2247193339e-02 1.6082750106e+02 3.5587513598e+01 8.7716985642e+00 -8.9807502932e+01 1.0406946057e+01 1.2617701653e+02 2.8546469740e+00 2.7852183599e-01 1.1064667285e+00 1.2144573713e+01 2.4489960625e+00
1.7000000000e-01 5.2428434459e-02 1.6179227072e+02 3.5899860974e+01 8.8923440650e+00 -8.9889547337e+01 1.0554021117e+01 1.2657140831e+02 2.9040912506e+00 2.8202058865e-01 1.1287681537e+00 1.2222029515e+01 2.4809149741e+00
1.7100000000e-01 5.2607194327e-02 1.6275732884e+02 3.6213966049e+01 9.0140367620e+00 -8.9967100613e+01 1.0702487133e+01 1.2696306666e+02 2.9541392896e+00 2.8552761084e-01 1.1514000010e+00 1.2300265795e+01 2.5130860993e+00
1.7200000000e-01 5.2783456939e-02 1.6372267874e+02 3.6529821494e+01 9.1367908672e+00 -9.0040165211e+01 1.0852367083e+01 1.2735198671e+02 3.0047938755e+00 2.8904237854e-01 1.1743672995e+00 1.2379288216e+01 2.5455104865e+00
1.7300000000e-01 5.2957206738e-02 1.6468832376e+02 3.6847419735e+01 9.2606045236e+00 -9.0108743962e+01 1.1003658621e+01 1.2773816370e+02 3.0560577328e+00 2.9256436442e-01 1.1976724226e+00 1.2459102327e+01 2.5781891870e+00
1.7400000000e-01 5.3128428715e-02 1.6565426723e+02 3.7166752981e+01 9.3854923997e+00 -9.0172840137e+01 1.1156383538e+01 1.2812159312e+02 3.1079335186e+00 2.9609303866e-01 1.2213200336e+00 1.2539713597e+01 2.6111232545e+00
1.7500000000e-01 5.3297108324e-02 1.6662051247e+02 3.7487813099e+01 9.5114488114e+00 -9.0232457492e+01 1.1310540006e+01 1.2850227059e+02 3.1604238233e+00 2.9962786861e-01 1.2453119768e+00 1.2621127297e+01 2.6443137449e+00
1.7600000000e-01 5.3463231457e-02 1.6758706284e+02 3.7810591782e+01 9.6384885771e+00 -9.0287600093e+01 1.1466146101e+01 1.2888019187e+02 3.2135311746e+00 3.0316831868e-01 1.2696533171e+00 1.2703348645e+01 2.6777617166e+00
1.7700000000e-01 5.3626784547e-02 1.6855392166e+02 3.8135080393e+01 9.7666122065e+00 -9.0338272539e+01 1.1623210811e+01 1.2925535293e+02 3.2672580253e+00 3.0671385137e-01 1.2943467025e+00 1.2786382687e+01 2.7114682299e+00
1.7800000000e-01 5.3787754482e-02 1.6952109225e+02 3.8461270097e+01 9.8958252004e+00 -9.0384479773e+01 1.1781740224e+01 1.2962774988e+02 3.3216067646e+00 3.1026392676e-01 1.3193956189e+00 1.2870234376e+01 2.7454343471e+00
1.7900000000e-01 5.3946128571e-02 1.7048857796e+02 3.8789151796e+01 1.0026128378e+01 -9.0426227136e+01 1.1941739768e+01 1.2999737893e+02 3.3765797083e+00 3.1381800242e-01 1.3448030535e+00 1.2954908562e+01 2.7796611327e+00
1.8000000000e-01 5.4101894703e-02 1.7145638210e+02 3.9118716052e+01 1.0157535054e+01 -9.0463520515e+01 1.2103230319e+01 1.3036423657e+02 3.4321791009e+00 3.1737553483e-01 1.3705736833e+00 1.3040409862e+01 2.8141496527e+00
1.8100000000e-01 5.4255041159e-02 1.7242450799e+02 3.9449953262e+01 1.0290046569e+01 -9.0496366082e+01 1.2266214729e+01 1.3072831934e+02 3.4884071121e+00 3.2093597811e-01 1.3967104316e+00 1.3126742887e+01 2.8489009749e+00
1.8200000000e-01 5.4405556721e-02 1.7339295895e+02 3.9782853511e+01 1.0423666626e+01 -9.0524770491e+01 1.2430702401e+01 1.3108962400e+02 3.5452658405e+00 3.2449878503e-01 1.4232166976e+00 1.3213912042e+01 2.8839161687e+00
1.8300000000e-01 5.4553430647e-02 1.7436173829e+02 4.0117406689e+01 1.0558400735e+01 -9.0548740753e+01 1.2596705749e+01 1.3144814744e+02 3.6027573098e+00 3.2806340702e-01 1.4500963170e+00 1.3301921662e+01 2.9191963048e+00
1.8400000000e-01 5.4698652651e-02 1.7533084930e+02 4.0453602331e+01 1.0694256847e+01 -9.0568284380e+01 1.2764234976e+01 1.3180388671e+02 3.6608834622e+00 3.3162929418e-01 1.4773529527e+00 1.3390775887e+01 2.9547424553e+00
1.8500000000e-01 5.4841212870e-02 1.7630029529e+02 4.0791429828e+01 1.0831240768e+01 -9.0583409149e+01 1.2933301786e+01 1.3215683898e+02 3.7196461691e+00 3.3519589519e-01 1.5049906619e+00 1.3480478809e+01 2.9905556938e+00
1.8600000000e-01 5.4981101968e-02 1.7727007954e+02 4.1130878271e+01 1.0969352509e+01 -9.0594123329e+01 1.3103911693e+01 1.3250700160e+02 3.7790472217e+00 3.3876265833e-01 1.5330120910e+00 1.3571034345e+01 3.0266370945e+00
1.8700000000e-01 5.5118311044e-02 1.7824020533e+02 4.1471936415e+01 1.1108603784e+01 -9.0600435665e+01 1.3276082029e+01 1.3285437208e+02 3.8390883291e+00 3.4232903096e-01 1.5614219909e+00 1.3662446217e+01 3.0629877329e+00
1.8800000000e-01 5.5252831642e-02 1.7921067593e+02 4.1814592900e+01 1.1248990048e+01 -9.0602355153e+01 1.3449809762e+01 1.3319894805e+02 3.8997711229e+00 3.4589445969e-01 1.5902225501e+00 1.3754718143e+01 3.0996086854e+00
1.8900000000e-01 5.5384655763e-02 1.8018149459e+02 4.2158836005e+01 1.1390528133e+01 -9.0599891295e+01 1.3625122489e+01 1.3354072730e+02 3.9610971526e+00 3.4945839078e-01 1.6194193188e+00 1.3847853602e+01 3.1365010292e+00
1.9000000000e-01 5.5513775861e-02 1.8115266457e+02 4.2504653842e+01 1.1533214224e+01 -9.0593053909e+01 1.3802015483e+01 1.3387970775e+02 4.0230678861e+00 3.5302027021e-01 1.6490146028e+00 1.3941856020e+01 3.1736658419e+00
1.9100000000e-01 5.5640184844e-02 1.8212418911e+02 4.2852034248e+01 1.1677060809e+01 -9.0581853232e+01 1.3980512682e+01 1.3421588748e+02 4.0856847066e+00 3.5657954385e-01 1.6790131234e+00 1.4036728678e+01 3.2111042018e+00
1.9200000000e-01 5.5763876040e-02 1.8309607142e+02 4.3200964768e+01 1.1822070430e+01 -9.0566299915e+01 1.4160615952e+01 1.3454926468e+02 4.1489489148e+00 3.6013565746e-01 1.7094187536e+00 1.4132474671e+01 3.2488171877e+00
1.9300000000e-01 5.5884843247e-02 1.8406831471e+02 4.3551432743e+01 1.1968240511e+01 -9.0546404980e+01 1.4342331443e+01 1.3487983772e+02 4.2128617279e+00 3.6368805720e-01 1.7402332396e+00 1.4229096994e+01 3.2868058786e+00
1.9400000000e-01 5.6003080668e-02 1.8504092219e+02 4.3903425251e+01 1.2115590095e+01 -9.0522179814e+01 1.4525686013e+01 1.3520760506e+02 4.2774242736e+00 3.6723618926e-01 1.7714633932e+00 1.4326598516e+01 3.3250713537e+00
1.9500000000e-01 5.6118582979e-02 1.8601389703e+02 4.4256929148e+01 1.2264114030e+01 -9.0493636196e+01 1.4710676037e+01 1.3553256535e+02 4.3426375955e+00 3.7077950068e-01 1.8031109839e+00 1.4424981978e+01 3.3636146923e+00
1.9600000000e-01 5.6231345241e-02 1.8698724240e+02 4.4611931030e+01 1.2413822868e+01 -9.0460786271e+01 1.4897317228e+01 1.3585471730e+02 4.4085026498e+00 3.7431743876e-01 1.8351807160e+00 1.4524249973e+01 3.4024369738e+00
1.9700000000e-01 5.6341362988e-02 1.8796096145e+02 4.4968417267e+01 1.2564723373e+01 -9.0423642563e+01 1.5085624391e+01 1.3617405983e+02 4.4750203055e+00 3.7784945194e-01 1.8676768248e+00 1.4624404965e+01 3.4415392773e+00
1.9800000000e-01 5.6448632135e-02 1.8893505732e+02 4.5326373974e+01 1.2716814144e+01 -9.0382217954e+01 1.5275601966e+01 1.3649059193e+02 4.5421913393e+00 3.8137498924e-01 1.9006022797e+00 1.4725449291e+01 3.4809226816e+00
1.9900000000e-01 5.6553149052e-02 1.8990953312e+02 4.5685787046e+01 1.2870101817e+01 -9.0336525709e+01 1.5467259469e+01 1.3680431275e+02 4.6100164427e+00 3.8489350109e-01 1.9339606470e+00 1.4827385146e+01 3.5205882653e+00
2.0000000000e-01 5.6654910469e-02 1.9088439196e+02 4.6046642151e+01 1.3024596949e+01 -9.0286579385e+01 1.5660617742e+01 1.3711522153e+02 4.6784962142e+00 3.8840443861e-01 1.9677572894e+00 1.4930214620e+01 3.5605371065e+00
2.0100000000e-01 5.6753913608e-02 1.9185963691e+02 4.6408924659e+01 1.3180302141e+01 -9.0232393041e+01 1.5855679258e+01 1.3742331770e+02 4.7476311624e+00 3.9190725500e-01 2.0019957076e+00 1.5033939585e+01 3.6007702825e+00
2.0200000000e-01 5.6850156048e-02 1.9283527104e+02 4.6772619813e+01 1.3337223246e+01 -9.0173980942e+01 1.6052462311e+01 1.3772860075e+02 4.8174217056e+00 3.9540140453e-01 2.0366799095e+00 1.5138561885e+01 3.6412888701e+00
2.0300000000e-01 5.6943635755e-02 1.9381129738e+02 4.7137712593e+01 1.3495359455e+01 -9.0111357713e+01 1.6250965276e+01 1.3803107031e+02 4.8878681671e+00 3.9888634292e-01 2.0718124160e+00 1.5244083215e+01 3.6820939454e+00
2.0400000000e-01 5.7034351130e-02 1.9478771897e+02 4.7504187689e+01 1.3654726868e+01 -9.0044538440e+01 1.6451214850e+01 1.3833072613e+02 4.9589707796e+00 4.0236152801e-01 2.1073997584e+00 1.5350505053e+01 3.7231865832e+00
2.0500000000e-01 5.7122300982e-02 1.9576453879e+02 4.7872029646e+01 1.3815320292e+01 -8.9973538445e+01 1.6653209728e+01 1.3862756809e+02 5.0307296823e+00 4.0582641964e-01 2.1434437806e+00 1.5457828825e+01 3.7645678576e+00
2.0600000000e-01 5.7207484449e-02 1.9674175982e+02 4.8241222761e+01 1.3977156894e+01 -8.9898373392e+01 1.6856979523e+01 1.3892159615e+02 5.1031449222e+00 4.0928047916e-01 2.1799509554e+00 1.5566055796e+01 3.8062388414e+00
2.0700000000e-01 5.7289901128e-02 1.9771938503e+02 4.8611751120e+01 1.4140221602e+01 -8.9819059320e+01 1.7062504542e+01 1.3921281044e+02 5.1762164470e+00 4.1272317068e-01 2.2169214247e+00 1.5675187121e+01 3.8482006062e+00
2.0800000000e-01 5.7369550972e-02 1.9869741735e+02 4.8983598597e+01 1.4304544698e+01 -8.9735612562e+01 1.7269829652e+01 1.3950121116e+02 5.2499441157e+00 4.1615396043e-01 2.2543638174e+00 1.5785223800e+01 3.8904542222e+00
2.0900000000e-01 5.7446434273e-02 1.9967585968e+02 4.9356748801e+01 1.4470115055e+01 -8.9648049802e+01 1.7478948208e+01 1.3978679860e+02 5.3243276893e+00 4.1957231668e-01 2.2922795057e+00 1.5896166672e+01 3.9330007582e+00
2.1000000000e-01 5.7520551771e-02 2.0065471492e+02 4.9731185252e+01 1.4636943695e+01 -8.9556387979e+01 1.7689874035e+01 1.4006957323e+02 5.3993668330e+00 4.2297771091e-01 2.3306735142e+00 1.6008016551e+01 3.9758412813e+00
2.1100000000e-01 5.7591904517e-02 2.0163398591e+02 5.0106891125e+01 1.4805029775e+01 -8.9460644430e+01 1.7902615210e+01 1.4034953556e+02 5.4750611183e+00 4.2636961678e-01 2.3695486435e+00 1.6120773985e+01 4.0189768571e+00
2.1200000000e-01 5.7660493959e-02 2.0261367551e+02 5.0483849481e+01 1.4974387374e+01 -8.9360836742e+01 1.8117193400e+01 1.4062668622e+02 5.5514100179e+00 4.2974751098e-01 2.4089111740e+00 1.6234439485e+01 4.0624085491e+00
2.1300000000e-01 5.7726321908e-02 2.0359378649e+02 5.0862043096e+01 1.5145015321e+01 -8.9256982889e+01 1.8333613730e+01 1.4090102598e+02 5.6284129085e+00 4.3311087319e-01 2.4487637262e+00 1.6349013348e+01 4.1061374193e+00
2.1400000000e-01 5.7789390525e-02 2.0457432168e+02 5.1241454699e+01 1.5316924507e+01 -8.9149100982e+01 1.8551893507e+01 1.4117255568e+02 5.7060690715e+00 4.3645918603e-01 2.4891120041e+00 1.6464495885e+01 4.1501645274e+00
2.1500000000e-01 5.7849702297e-02 2.0555528381e+02 5.1622066693e+01 1.5490117116e+01 -8.9037209542e+01 1.8772040770e+01 1.4144127623e+02 5.7843776911e+00 4.3979193502e-01 2.5299592646e+00 1.6580887153e+01 4.1944909310e+00
2.1600000000e-01 5.7907260126e-02 2.0653667560e+02 5.2003861271e+01 1.5664594100e+01 -8.8921327448e+01 1.8994063197e+01 1.4170718872e+02 5.8633378511e+00 4.4310860963e-01 2.5713091819e+00 1.6698187066e+01 4.2391176857e+00
2.1700000000e-01 5.7962067199e-02 2.0751849978e+02 5.2386820575e+01 1.5840368021e+01 -8.8801473679e+01 1.9217979447e+01 1.4197029426e+02 5.9429485420e+00 4.4640870208e-01 2.6131670951e+00 1.6816395535e+01 4.2840458446e+00
2.1800000000e-01 5.8014127080e-02 2.0850075899e+02 5.2770926446e+01 1.6017444063e+01 -8.8677667645e+01 1.9443805316e+01 1.4223059409e+02 6.0232086557e+00 4.4969170850e-01 2.6555377434e+00 1.6935512230e+01 4.3292764584e+00
2.1900000000e-01 5.8063443648e-02 2.0948345589e+02 5.3156160540e+01 1.6195813471e+01 -8.8549929006e+01 1.9671532805e+01 1.4248808955e+02 6.1041169812e+00 4.5295712840e-01 2.6984225534e+00 1.7055536716e+01 4.3748105752e+00
2.2000000000e-01 5.8110021121e-02 2.1046659309e+02 5.3542504444e+01 1.6375509245e+01 -8.8418277597e+01 1.9901209191e+01 1.4274278204e+02 6.1856722188e+00 4.5620446510e-01 2.7418310731e+00 1.7176468497e+01 4.4206492408e+00
2.2100000000e-01 5.8153864041e-02 2.1145017317e+02 5.3929939407e+01 1.6556508104e+01 -8.8282733670e+01 2.0132817804e+01 1.4299467308e+02 6.2678729621e+00 4.5943322568e-01 2.7857627717e+00 1.7298306833e+01 4.4667934978e+00
2.2200000000e-01 5.8194977282e-02 2.1243419869e+02 5.4318446698e+01 1.6738828395e+01 -8.8143317565e+01 2.0366373807e+01 1.4324376426e+02 6.3507177128e+00 4.6264292126e-01 2.8302233730e+00 1.7421051019e+01 4.5132443864e+00
2.2300000000e-01 5.8233366033e-02 2.1341867215e+02 5.4708007194e+01 1.6922473412e+01 -8.8000050091e+01 2.0601895479e+01 1.4349005728e+02 6.4342048705e+00 4.6583306698e-01 2.8752175760e+00 1.7544700019e+01 4.5600029436e+00
2.2400000000e-01 5.8269035776e-02 2.1440359607e+02 5.5098601818e+01 1.7107452460e+01 -8.7852952070e+01 2.0839402523e+01 1.4373355389e+02 6.5183327393e+00 4.6900318181e-01 2.9207511477e+00 1.7669252882e+01 4.6070702034e+00
2.2500000000e-01 5.8301992339e-02 2.1538897288e+02 5.5490211210e+01 1.7293759198e+01 -8.7702044741e+01 2.1078888605e+01 1.4397425595e+02 6.6030995245e+00 4.7215278943e-01 2.9668251347e+00 1.7794708403e+01 4.6544471969e+00
2.2600000000e-01 5.8332241847e-02 2.1637480503e+02 5.5882815890e+01 1.7481413620e+01 -8.7547349517e+01 2.1320385581e+01 1.4421216541e+02 6.6885033303e+00 4.7528141767e-01 3.0134476474e+00 1.7921065314e+01 4.7021349518e+00
2.2700000000e-01 5.8359790675e-02 2.1736109489e+02 5.6276396177e+01 1.7670412369e+01 -8.7388888072e+01 2.1563897108e+01 1.4444728425e+02 6.7745421707e+00 4.7838859824e-01 3.0606211218e+00 1.8048322152e+01 4.7501344924e+00
2.2800000000e-01 5.8384645583e-02 2.1834784483e+02 5.6670932326e+01 1.7860756900e+01 -8.7226682273e+01 2.1809431902e+01 1.4467961460e+02 6.8612139533e+00 4.8147386835e-01 3.1083493694e+00 1.8176477443e+01 4.7984468398e+00
2.2900000000e-01 5.8406813546e-02 2.1933505718e+02 5.7066404397e+01 1.8052469300e+01 -8.7060754220e+01 2.2057019380e+01 1.4490915862e+02 6.9485164948e+00 4.8453676895e-01 3.1566407817e+00 1.8305529528e+01 4.8470730114e+00
2.3000000000e-01 5.8426301886e-02 2.2032273422e+02 5.7462792276e+01 1.8245529784e+01 -8.6891126291e+01 2.2306642584e+01 1.4513591857e+02 7.0364475091e+00 4.8757684629e-01 3.2054938845e+00 1.8435476612e+01 4.8960140211e+00
2.3100000000e-01 5.8443118146e-02 2.2131087821e+02 5.7860075727e+01 1.8439965015e+01 -8.6717821024e+01 2.2558346574e+01 1.4535989675e+02 7.1250046160e+00 4.9059365072e-01 3.2549182726e+00 1.8566316799e+01 4.9452708791e+00
2.3200000000e-01 5.8457270198e-02 2.2229949138e+02 5.8258234428e+01 1.8635768928e+01 -8.6540861142e+01 2.2812122148e+01 1.4558109557e+02 7.2141853392e+00 4.9358673801e-01 3.3049159982e+00 1.8698048112e+01 4.9948445919e+00
2.3300000000e-01 5.8468766159e-02 2.2328857591e+02 5.8657247862e+01 1.8832958368e+01 -8.6360269639e+01 2.3068004978e+01 1.4579951750e+02 7.3039871033e+00 4.9655566849e-01 3.3554939301e+00 1.8830668408e+01 5.0447361620e+00
2.3400000000e-01 5.8477614454e-02 2.2427813395e+02 5.9057095420e+01 1.9031520967e+01 -8.6176069672e+01 2.3325978352e+01 1.4601516509e+02 7.3944072373e+00 4.9950000795e-01 3.4066532747e+00 1.8964175458e+01 5.0949465880e+00
2.3500000000e-01 5.8483823687e-02 2.2526816762e+02 5.9457756334e+01 1.9231473328e+01 -8.5988284570e+01 2.3586079136e+01 1.4622804090e+02 7.4854429722e+00 5.0241932628e-01 3.4584012521e+00 1.9098566904e+01 5.1454768644e+00
2.3600000000e-01 5.8487402858e-02 2.2625867900e+02 5.9859209795e+01 1.9432817323e+01 -8.5796937875e+01 2.3848305112e+01 1.4643814767e+02 7.5770914482e+00 5.0531320004e-01 3.5107405855e+00 1.9233840312e+01 5.1963279816e+00
2.3700000000e-01 5.8488361125e-02 2.2724967012e+02 6.0261434730e+01 1.9635556825e+01 -8.5602053378e+01 2.4112675086e+01 1.4664548812e+02 7.6693497041e+00 5.0818120990e-01 3.5636770220e+00 1.9369993029e+01 5.2475009258e+00
2.3800000000e-01 5.8486707876e-02 2.2824114299e+02 6.0664410125e+01 1.9839698915e+01 -8.5403654881e+01 2.4379204783e+01 1.4685006501e+02 7.7622146888e+00 5.1102294158e-01 3.6172150305e+00 1.9507022445e+01 5.2989966788e+00
2.3900000000e-01 5.8482452830e-02 2.2923309959e+02 6.1068114744e+01 2.0045249333e+01 -8.5201766498e+01 2.4647904731e+01 1.4705188124e+02 7.8556832514e+00 5.1383798707e-01 3.6713593078e+00 1.9644925735e+01 5.3508162182e+00
2.4000000000e-01 5.8475605931e-02 2.3022554184e+02 6.1472527245e+01 2.0252215032e+01 -8.4996412522e+01 2.4918795226e+01 1.4725093977e+02 7.9497521506e+00 5.1662594365e-01 3.7261156504e+00 1.9783699947e+01 5.4029605169e+00
2.4100000000e-01 5.8466177308e-02 2.3121847163e+02 6.1877626274e+01 2.0460596634e+01 -8.4787617269e+01 2.5191880557e+01 1.4744724354e+02 8.0444180518e+00 5.1938641338e-01 3.7814868264e+00 1.9923342124e+01 5.4554305434e+00
2.4200000000e-01 5.8454177377e-02 2.3221189082e+02 6.2283390278e+01 2.0670408580e+01 -8.4575405351e+01 2.5467188471e+01 1.4764079563e+02 8.1396775220e+00 5.2211900452e-01 3.8374804023e+00 2.0063849106e+01 5.5082272615e+00
2.4300000000e-01 5.8439616786e-02 2.3320580123e+02 6.2689797680e+01 2.0881638776e+01 -8.4359801472e+01 2.5744706526e+01 1.4783159915e+02 8.2355270413e+00 5.2482333099e-01 3.8940965453e+00 2.0205217674e+01 5.5613516303e+00
2.4400000000e-01 5.8422506364e-02 2.3420020462e+02 6.3096826755e+01 2.1094299025e+01 -8.4140830494e+01 2.6024465538e+01 1.4801965725e+02 8.3319629913e+00 5.2749901177e-01 3.9513424096e+00 2.0347444478e+01 5.6148046041e+00
2.4500000000e-01 5.8402857216e-02 2.3519510274e+02 6.3504455751e+01 2.1308406159e+01 -8.3918517411e+01 2.6306483117e+01 1.4820497316e+02 8.4289816728e+00 5.3014567224e-01 4.0092247405e+00 2.0490526071e+01 5.6685871322e+00
2.4600000000e-01 5.8380680616e-02 2.3619049729e+02 6.3912662813e+01 2.1523956167e+01 -8.3692887328e+01 2.6590768883e+01 1.4838755014e+02 8.5265792812e+00 5.3276294299e-01 4.0677465733e+00 2.0634458946e+01 5.7227001593e+00
2.4700000000e-01 5.8355988098e-02 2.3718638993e+02 6.4321425985e+01 2.1740947508e+01 -8.3463965552e+01 2.6877327548e+01 1.4856739153e+02 8.6247519311e+00 5.3535046098e-01 4.1269109427e+00 2.0779239423e+01 5.7771446248e+00
2.4800000000e-01 5.8328791381e-02 2.3818278227e+02 6.4730723270e+01 2.1959397088e+01 -8.3231777444e+01 2.7166186406e+01 1.4874450072e+02 8.7234956459e+00 5.3790786873e-01 4.1867257361e+00 2.0924863765e+01 5.8319214630e+00
2.4900000000e-01 5.8299102399e-02 2.3917967590e+02 6.5140532573e+01 2.2179301361e+01 -8.2996348543e+01 2.7457344312e+01 1.4891888112e+02 8.8228063556e+00 5.4043481485e-01 4.2471940134e+00 2.1071328120e+01 5.8870316033e+00
2.5000000000e-01 5.8266933263e-02 2.4017707235e+02 6.5550831770e+01 2.2400676152e+01 -8.2757704429e+01 2.7750838012e+01 1.4909053620e+02 8.9226799082e+00 5.4293095358e-01 4.3083223757e+00 2.1218628556e+01 5.9424759694e+00
2.5100000000e-01 5.8232296329e-02 2.4117497314e+02 6.5961598656e+01 2.2623510661e+01 -8.2515870854e+01 2.8046658601e+01 1.4925946951e+02 9.0231120543e+00 5.4539594577e-01 4.3701127920e+00 2.1366761050e+01 5.9982554803e+00
2.5200000000e-01 5.8195204104e-02 2.4217337971e+02 6.6372810939e+01 2.2847825816e+01 -8.2270873674e+01 2.8344834252e+01 1.4942568461e+02 9.1240984679e+00 5.4782945785e-01 4.4325734427e+00 2.1515721422e+01 6.0543710491e+00
2.5300000000e-01 5.8155669298e-02 2.4317229348e+02 6.6784446314e+01 2.3073611335e+01 -8.2022738807e+01 2.8645370068e+01 1.4958918512e+02 9.2256347283e+00 5.5023116246e-01 4.4957054228e+00 2.1665505466e+01 6.1108235838e+00
2.5400000000e-01 5.8113704809e-02 2.4417171583e+02 6.7196482415e+01 2.3300887471e+01 -8.1771492287e+01 2.8948287464e+01 1.4974997470e+02 9.3277163351e+00 5.5260073846e-01 4.5595178370e+00 2.1816108849e+01 6.1676139867e+00
2.5500000000e-01 5.8069323722e-02 2.4517164809e+02 6.7608896806e+01 2.3529639235e+01 -8.1517160257e+01 2.9253581543e+01 1.4990805706e+02 9.4303386983e+00 5.5493787093e-01 4.6240106772e+00 2.1967527137e+01 6.2247431547e+00
2.5600000000e-01 5.8022539292e-02 2.4617209157e+02 6.8021667067e+01 2.3759897535e+01 -8.1259768885e+01 2.9561303796e+01 1.5006343595e+02 9.5334971473e+00 5.5724225109e-01 4.6891953187e+00 2.2119755853e+01 6.2822119790e+00
2.5700000000e-01 5.7973364956e-02 2.4717304752e+02 6.8434770659e+01 2.3991654039e+01 -8.0999344506e+01 2.9871448455e+01 1.5021611516e+02 9.6371869234e+00 5.5951357648e-01 4.7550726640e+00 2.2272790360e+01 6.3400213451e+00
2.5800000000e-01 5.7921814297e-02 2.4817451714e+02 6.8848185107e+01 2.4224899551e+01 -8.0735913410e+01 3.0184009558e+01 1.5036609851e+02 9.7414031914e+00 5.6175155062e-01 4.8216451713e+00 2.2426626020e+01 6.3981721328e+00
2.5900000000e-01 5.7867901101e-02 2.4917650162e+02 6.9261887803e+01 2.4459677187e+01 -8.0469502083e+01 3.0499054892e+01 1.5051338988e+02 9.8461410287e+00 5.6395588384e-01 4.8889278780e+00 2.2581258013e+01 6.4566652161e+00
2.6000000000e-01 5.7811639298e-02 2.5017900207e+02 6.9675856198e+01 2.4695939560e+01 -8.0200136988e+01 3.0816525105e+01 1.5065799318e+02 9.9513954379e+00 5.6612629252e-01 4.9569102401e+00 2.2736681502e+01 6.5155014632e+00
2.6100000000e-01 5.7753042956e-02 2.5118201959e+02 7.0090067634e+01 2.4933733765e+01 -7.9927844707e+01 3.1136497892e+01 1.5079991234e+02 1.0057161335e+01 5.6826249920e-01 5.0256104809e+00 2.2892891506e+01 6.5746817363e+00
2.6200000000e-01 5.7692126312e-02 2.5218555523e+02 7.0504499549e+01 2.5173042189e+01 -7.9652651777e+01 3.1458948252e+01 1.5093915133e+02 1.0163433562e+01 5.7036423291e-01 5.0950268244e+00 2.3049883057e+01 6.6342068916e+00
2.6300000000e-01 5.7628903782e-02 2.5318960999e+02 7.0919129270e+01 2.5413892069e+01 -7.9374584907e+01 3.1783928636e+01 1.5107571418e+02 1.0270206879e+01 5.7243122951e-01 5.1651694488e+00 2.3207651005e+01 6.6940777796e+00
2.6400000000e-01 5.7563389914e-02 2.5419418482e+02 7.1333934124e+01 2.5656263400e+01 -7.9093670818e+01 3.2111420094e+01 1.5120960494e+02 1.0377475973e+01 5.7446323107e-01 5.2360383841e+00 2.3366190137e+01 6.7542952443e+00
2.6500000000e-01 5.7495599347e-02 2.5519928065e+02 7.1748891481e+01 2.5900171909e+01 -7.8809936186e+01 3.2441448874e+01 1.5134082767e+02 1.0485235450e+01 5.7645998540e-01 5.3076406725e+00 2.3525495220e+01 6.8148601240e+00
2.6600000000e-01 5.7425546945e-02 2.5620489836e+02 7.2163978661e+01 2.6145626987e+01 -7.8523407831e+01 3.2774038355e+01 1.5146938649e+02 1.0593479846e+01 5.7842124792e-01 5.3799831530e+00 2.3685560870e+01 6.8757732506e+00
2.6700000000e-01 5.7353247653e-02 2.5721103879e+02 7.2579173002e+01 2.6392624394e+01 -7.8234112552e+01 3.3109187133e+01 1.5159528555e+02 1.0702203617e+01 5.8034677975e-01 5.4530679086e+00 2.3846381671e+01 6.9370354499e+00
2.6800000000e-01 5.7278716570e-02 2.5821770272e+02 7.2994451858e+01 2.6641174249e+01 -7.7942077169e+01 3.3446923617e+01 1.5171852903e+02 1.0811401150e+01 5.8223634884e-01 5.5269024846e+00 2.4007952126e+01 6.9986475415e+00
2.6900000000e-01 5.7201968899e-02 2.5922489092e+02 7.3409792586e+01 2.6891282405e+01 -7.7647328506e+01 3.3787262333e+01 1.5183912109e+02 1.0921066754e+01 5.8408972927e-01 5.6014908010e+00 2.4170266676e+01 7.0606103388e+00
2.7000000000e-01 5.7123020012e-02 2.6023260408e+02 7.3825172530e+01 2.7142942953e+01 -7.7349893473e+01 3.4130203551e+01 1.5195706600e+02 1.1031194677e+01 5.8590670221e-01 5.6768365533e+00 2.4333319627e+01 7.1229246485e+00
2.7100000000e-01 5.7041885364e-02 2.6124084288e+02 7.4240569060e+01 2.7396187011e+01 -7.7049798936e+01 3.4475793552e+01 1.5207236800e+02 1.1141779085e+01 5.8768705483e-01 5.7529507647e+00 2.4497105273e+01 7.1855912715e+00
2.7200000000e-01 5.6958580521e-02 2.6224960794e+02 7.4655959552e+01 2.7650989323e+01 -7.6747071791e+01 3.4824015571e+01 1.5218503134e+02 1.1252814080e+01 5.8943058073e-01 5.8298318968e+00 2.4661617801e+01 7.2486110020e+00
2.7300000000e-01 5.6873121229e-02 2.6325889984e+02 7.5071321463e+01 2.7907362100e+01 -7.6441738917e+01 3.5174883748e+01 1.5229506038e+02 1.1364293698e+01 5.9113708091e-01 5.9074866472e+00 2.4826851370e+01 7.3119846279e+00
2.7400000000e-01 5.6785523263e-02 2.6426871913e+02 7.5486632231e+01 2.8165325780e+01 -7.6133827171e+01 3.5528445381e+01 1.5240245940e+02 1.1476211902e+01 5.9280636177e-01 5.9859231136e+00 2.4992800062e+01 7.3757129305e+00
2.7500000000e-01 5.6695802580e-02 2.6527906629e+02 7.5901869293e+01 2.8424868598e+01 -7.5823363500e+01 3.5884693888e+01 1.5250723279e+02 1.1588562597e+01 5.9443823729e-01 6.0651438959e+00 2.5159457822e+01 7.4397966849e+00
2.7600000000e-01 5.6603975176e-02 2.6628994180e+02 7.6317010180e+01 2.8685998528e+01 -7.5510374716e+01 3.6243636687e+01 1.5260938490e+02 1.1701339612e+01 5.9603252703e-01 6.1451545879e+00 2.5326818638e+01 7.5042366594e+00
2.7700000000e-01 5.6510057204e-02 2.6730134605e+02 7.6732032430e+01 2.8948728276e+01 -7.5194887707e+01 3.6605311892e+01 1.5270892014e+02 1.1814536722e+01 5.9758905788e-01 6.2259621818e+00 2.5494876363e+01 7.5690336160e+00
2.7800000000e-01 5.6414064879e-02 2.6831327943e+02 7.7146913588e+01 2.9213063115e+01 -7.4876929320e+01 3.6969735713e+01 1.5280584291e+02 1.1928147634e+01 5.9910766276e-01 6.3075723037e+00 2.5663624773e+01 7.6341883101e+00
2.7900000000e-01 5.6316014542e-02 2.6932574227e+02 7.7561631376e+01 2.9478994985e+01 -7.4556526292e+01 3.7336898525e+01 1.5290015767e+02 1.2042165993e+01 6.0058818153e-01 6.3899878149e+00 2.5833057715e+01 7.6997014905e+00
2.8000000000e-01 5.6215922567e-02 2.7033873484e+02 7.7976163336e+01 2.9746530505e+01 -7.4233705496e+01 3.7706826624e+01 1.5299186883e+02 1.2156585388e+01 6.0203045975e-01 6.4732122701e+00 2.6003168749e+01 7.7655738993e+00
2.8100000000e-01 5.6113805515e-02 2.7135225741e+02 7.8390487298e+01 3.0015674718e+01 -7.3908493626e+01 3.8079526928e+01 1.5308098092e+02 1.2271399341e+01 6.0343435090e-01 6.5572527079e+00 2.6173951614e+01 7.8318062724e+00
2.8200000000e-01 5.6009679934e-02 2.7236631015e+02 7.8804580930e+01 3.0286449231e+01 -7.3580917464e+01 3.8455052159e+01 1.5316749839e+02 1.2386601323e+01 6.0479971356e-01 6.6421187445e+00 2.6345399771e+01 7.8983993385e+00
2.8300000000e-01 5.5903562518e-02 2.7338089326e+02 7.9218422158e+01 3.0558835635e+01 -7.3251003610e+01 3.8833373395e+01 1.5325142577e+02 1.2502184745e+01 6.0612641372e-01 6.7278097890e+00 2.6517506830e+01 7.9653538202e+00
2.8400000000e-01 5.5795470014e-02 2.7439600683e+02 7.9631988794e+01 3.0832860929e+01 -7.2918778769e+01 3.9214543297e+01 1.5333276756e+02 1.2618142957e+01 6.0741432346e-01 6.8143366503e+00 2.6690266183e+01 8.0326704331e+00
2.8500000000e-01 5.5685419249e-02 2.7541165096e+02 8.0045258851e+01 3.1108505592e+01 -7.2584269459e+01 3.9598543404e+01 1.5341152831e+02 1.2734469263e+01 6.0866332139e-01 6.9016987420e+00 2.6863671285e+01 8.1003498863e+00
2.8600000000e-01 5.5573427127e-02 2.7642782568e+02 8.0458210319e+01 3.1385801614e+01 -7.2247502242e+01 3.9985432504e+01 1.5348771256e+02 1.2851156906e+01 6.0987329268e-01 6.9899097122e+00 2.7037715474e+01 8.1683928823e+00
2.8700000000e-01 5.5459510634e-02 2.7744453099e+02 8.0870821283e+01 3.1664732718e+01 -7.1908503614e+01 4.0375191040e+01 1.5356132490e+02 1.2968199079e+01 6.1104412906e-01 7.0789657139e+00 2.7212392045e+01 8.2368001167e+00
2.8800000000e-01 5.5343686794e-02 2.7846176684e+02 8.1283069905e+01 3.1945292667e+01 -7.1567299959e+01 4.0767824251e+01 1.5363236986e+02 1.3085588928e+01 6.1217572827e-01 7.1688722352e+00 2.7387694242e+01 8.3055722788e+00
2.8900000000e-01 5.5225972725e-02 2.7947953314e+02 8.1694934411e+01 3.2227518107e+01 -7.1223917659e+01 4.1163390470e+01 1.5370085207e+02 1.3203319540e+01 6.1326799494e-01 7.2596432210e+00 2.7563615276e+01 8.3747100507e+00
2.9000000000e-01 5.5106385603e-02 2.8049782976e+02 8.2106393106e+01 3.2511382162e+01 -7.0878383005e+01 4.1561863844e+01 1.5376677611e+02 1.3321383958e+01 6.1432083998e-01 7.3512748193e+00 2.7740148291e+01 8.4442141084e+00
2.9100000000e-01 5.4984942645e-02 2.8151665656e+02 8.2517424458e+01 3.2796929136e+01 -7.0530722134e+01 4.1963316421e+01 1.5383014659e+02 1.3439775180e+01 6.1533418047e-01 7.4437838385e+00 2.7917286463e+01 8.5140851209e+00
2.9200000000e-01 5.4861661148e-02 2.8253601330e+02 8.2928006844e+01 3.3084128482e+01 -7.0180961297e+01 4.2367715971e+01 1.5389096814e+02 1.3558486153e+01 6.1630794018e-01 7.5371661971e+00 2.8095022759e+01 8.5843237506e+00
2.9300000000e-01 5.4736558436e-02 2.8355589974e+02 8.3338118867e+01 3.3373002536e+01 -6.9829126501e+01 4.2775097500e+01 1.5394924537e+02 1.3677509774e+01 6.1724204879e-01 7.6314316876e+00 2.8273350260e+01 8.6549306533e+00
2.9400000000e-01 5.4609651919e-02 2.8457631559e+02 8.3747739211e+01 3.3663538569e+01 -6.9475243713e+01 4.3185462823e+01 1.5400498293e+02 1.3796838907e+01 6.1813644286e-01 7.7265806923e+00 2.8452261954e+01 8.7259064781e+00
2.9500000000e-01 5.4480959011e-02 2.8559726053e+02 8.4156846603e+01 3.3955749636e+01 -6.9119338834e+01 4.3598841800e+01 1.5405818544e+02 1.3916466367e+01 6.1899106458e-01 7.8226216154e+00 2.8631750766e+01 8.7972518675e+00
2.9600000000e-01 5.4350497206e-02 2.8661873418e+02 8.4565419888e+01 3.4249670584e+01 -6.8761437678e+01 4.4015280290e+01 1.5410885756e+02 1.4036384927e+01 6.1980586290e-01 7.9195695126e+00 2.8811809597e+01 8.8689674574e+00
2.9700000000e-01 5.4218284049e-02 2.8764073613e+02 8.4973437983e+01 3.4545232586e+01 -6.8401565986e+01 4.4434702030e+01 1.5415700397e+02 1.4156587318e+01 6.2058079313e-01 8.0174065627e+00 2.8992431287e+01 8.9410538770e+00
2.9800000000e-01 5.4084337089e-02 2.8866326594e+02 8.5380879965e+01 3.4842528542e+01 -6.8039749327e+01 4.4857245958e+01 1.5420262929e+02 1.4277066235e+01 6.2131581626e-01 8.1161665568e+00 2.9173608697e+01 9.0135117491e+00
2.9900000000e-01 5.3948673957e-02 2.8968632311e+02 8.5787724970e+01 3.5141484632e+01 -6.7676013263e+01 4.5282827813e+01 1.5424573823e+02 1.4397814335e+01 6.2201090015e-01 8.2158295192e+00 2.9355334591e+01 9.0863416898e+00
3.0000000000e-01 5.3811312274e-02 2.9070990712e+02 8.6193952253e+01 3.5442167303e+01 -6.7310383183e+01 4.5711532460e+01 1.5428633543e+02 1.4518824234e+01 6.2266601811e-01 8.3164212556e+00 2.9537601744e+01 9.1595443087e+00
3.0100000000e-01 5.3672269715e-02 2.9173401739e+02 8.6599541146e+01 3.5744559979e+01 -6.6942884420e+01 4.6143359712e+01 1.5432442557e+02 1.4640088513e+01 6.2328114987e-01 8.4179400631e+00 2.9720402849e+01 9.2331202088e+00
3.0200000000e-01 5.3531564005e-02 2.9275865332e+02 8.7004471164e+01 3.6048634808e+01 -6.6573542165e+01 4.6578288897e+01 1.5436001333e+02 1.4761599726e+01 6.2385628161e-01 8.5203823083e+00 2.9903730621e+01 9.3070699868e+00
3.0300000000e-01 5.3389212867e-02 2.9378381428e+02 8.7408721883e+01 3.6354438662e+01 -6.6202381496e+01 4.7016378312e+01 1.5439310338e+02 1.4883350384e+01 6.2439140505e-01 8.6237667559e+00 3.0087577723e+01 9.3813942328e+00
3.0400000000e-01 5.3245234054e-02 2.9480949956e+02 8.7812272957e+01 3.6661943098e+01 -6.5829427442e+01 4.7457601667e+01 1.5442370040e+02 1.5005332967e+01 6.2488651810e-01 8.7280878753e+00 3.0271936742e+01 9.4560935306e+00
3.0500000000e-01 5.3099645361e-02 2.9583570846e+02 8.8215104267e+01 3.6971196479e+01 -6.5454704806e+01 4.7902058625e+01 1.5445180907e+02 1.5127539932e+01 6.2534162484e-01 8.8333654473e+00 3.0456800321e+01 9.5311684574e+00
3.0600000000e-01 5.2952464599e-02 2.9686244020e+02 8.8617195735e+01 3.7282165238e+01 -6.5078238355e+01 4.8349695418e+01 1.5447743409e+02 1.5249963703e+01 6.2575673534e-01 8.9395934682e+00 3.0642161012e+01 9.6066195843e+00
3.0700000000e-01 5.2803709598e-02 2.9788969401e+02 8.9018527445e+01 3.7594868796e+01 -6.4700052690e+01 4.8800552087e+01 1.5450058014e+02 1.5372596669e+01 6.2613186551e-01 9.0467826719e+00 3.0828011394e+01 9.6824474759e+00
3.0800000000e-01 5.2653398171e-02 2.9891746902e+02 8.9419079499e+01 3.7909294534e+01 -6.4320172360e+01 4.9254624360e+01 1.5452125186e+02 1.5495431198e+01 6.2646703672e-01 9.1549313469e+00 3.1014343903e+01 9.7586526906e+00
3.0900000000e-01 5.2501548205e-02 2.9994576439e+02 8.9818832319e+01 3.8225469081e+01 -6.3938621656e+01 4.9711960623e+01 1.5453945398e+02 1.5618459631e+01 6.2676227706e-01 9.2640545770e+00 3.1201151137e+01 9.8352357807e+00
3.1000000000e-01 5.2348177563e-02 3.0097457918e+02 9.0217766282e+01 3.8543397816e+01 -6.3555424869e+01 5.0172580547e+01 1.5455519115e+02 1.5741674286e+01 6.2701761989e-01 9.3741583590e+00 3.1388425497e+01 9.9121972920e+00
3.1100000000e-01 5.2193304127e-02 3.0200391247e+02 9.0615862026e+01 3.8863066715e+01 -6.3170606034e+01 5.0636474861e+01 1.5456846806e+02 1.5865067457e+01 6.2723310449e-01 9.4852381067e+00 3.1576159489e+01 9.9895377645e+00
3.1200000000e-01 5.2036945775e-02 3.0303376327e+02 9.1013100222e+01 3.9184486934e+01 -6.2784189147e+01 5.1103665900e+01 1.5457928937e+02 1.5988631408e+01 6.2740877570e-01 9.5973070372e+00 3.1764345527e+01 1.0067257732e+01
3.1300000000e-01 5.1879120411e-02 3.0406413054e+02 9.1409461718e+01 3.9507664681e+01 -6.2396198037e+01 5.1574185509e+01 1.5458765975e+02 1.6112358393e+01 6.2754468436e-01 9.7103692409e+00 3.1952976012e+01 1.0145357722e+01
3.1400000000e-01 5.1719845940e-02 3.0509501324e+02 9.1804927497e+01 3.9832622753e+01 -6.2006656390e+01 5.2048072481e+01 1.5459358389e+02 1.6236240642e+01 6.2764088693e-01 9.8244365425e+00 3.2142043328e+01 1.0223838257e+01
3.1500000000e-01 5.1559140244e-02 3.0612641029e+02 9.2199478720e+01 4.0159319089e+01 -6.1615587688e+01 5.2525270862e+01 1.5459706641e+02 1.6360270362e+01 6.2769744510e-01 9.9394990379e+00 3.2331539910e+01 1.0302699851e+01
3.1600000000e-01 5.1397021241e-02 3.0715832054e+02 9.2593096620e+01 4.0487820608e+01 -6.1223015369e+01 5.3005908242e+01 1.5459811199e+02 1.6484439751e+01 6.2771442669e-01 1.0055584533e+01 3.2521458066e+01 1.0381943017e+01
3.1700000000e-01 5.1233506843e-02 3.0819074284e+02 9.2985762624e+01 4.0818066880e+01 -6.0828962671e+01 5.3489887398e+01 1.5459672529e+02 1.6608740981e+01 6.2769190504e-01 1.0172675861e+01 3.2711790170e+01 1.0461568256e+01
3.1800000000e-01 5.1068614926e-02 3.0922367599e+02 9.3377458263e+01 4.1150122723e+01 -6.0433452682e+01 5.3977317736e+01 1.5459291094e+02 1.6733166218e+01 6.2762995840e-01 1.0290798953e+01 3.2902528529e+01 1.0541576069e+01
3.1900000000e-01 5.0902363371e-02 3.1025711875e+02 9.3768165285e+01 4.1483946290e+01 -6.0036508289e+01 5.4468168422e+01 1.5458667357e+02 1.6857707605e+01 6.2752867068e-01 1.0409945834e+01 3.3093665517e+01 1.0621966948e+01
3.2000000000e-01 5.0734770111e-02 3.1129106987e+02 9.4157865518e+01 4.1819573991e+01 -5.9638152329e+01 5.4962480186e+01 1.5457801785e+02 1.6982357282e+01 6.2738813214e-01 1.0530130362e+01 3.3285193404e+01 1.0702741380e+01
