# n,  x, eps, mun, mun_std, mup, mup_std,  mue, P, P_e, P_std, E, E_std
0.0000000000e+00 0.0000000000e+00 0.0000000000e+00 nan nan nan nan 5.1100000000e-01 nan 0.0000000000e+00 nan 4.6801803576e-04 0.0000000000e+00
1.0000000000e-03 0.0000000000e+00 9.4033062466e-01 1.2177804165e+00 2.2093548001e-04 -2.8848620423e+00 2.6420603710e-04 5.1100000000e-01 4.5215575653e-04 0.0000000000e+00 1.4810521177e-07 7.6562465996e-01 7.3266520083e-05
2.0000000000e-03 0.0000000000e+00 1.8814288852e+00 1.8183709254e+00 8.8914776415e-04 -5.2642374642e+00 1.0620261064e-03 5.1100000000e-01 1.3378566432e-03 0.0000000000e+00 1.1958726555e-06 1.1494426038e+00 2.9397059208e-04
3.0000000000e-03 0.0000000000e+00 2.8230570569e+00 2.2939077436e+00 2.0108590763e-03 -7.3750288195e+00 2.3996318583e-03 5.1100000000e-01 2.5196662918e-03 0.0000000000e+00 4.0674360219e-06 1.4540189797e+00 6.6315542490e-04
4.0000000000e-03 0.0000000000e+00 3.7651250613e+00 2.7035968735e+00 3.5912695803e-03 -9.2977526072e+00 4.2823477018e-03 5.1100000000e-01 3.9493261923e-03 0.0000000000e+00 9.7079480358e-06 1.7162653254e+00 1.1816950949e-03
5.0000000000e-03 0.0000000000e+00 4.7075802249e+00 3.0708746007e+00 5.6350579415e-03 -1.1075170905e+01 6.7150888966e-03 5.1100000000e-01 5.5991481516e-03 0.0000000000e+00 1.9080849165e-05 1.9510449704e+00 1.8503774982e-03
6.0000000000e-03 0.0000000000e+00 5.6503867442e+00 3.4078019425e+00 8.1465699341e-03 -1.2734503852e+01 9.7025219173e-03 5.1100000000e-01 7.4500674603e-03 0.0000000000e+00 3.3166302652e-05 2.1661240324e+00 2.6699345262e-03
7.0000000000e-03 0.0000000000e+00 6.5935181192e+00 3.7215213425e+00 1.1129896314e-02 -1.4294845254e+01 1.3249131228e-02 5.1100000000e-01 9.4875302240e-03 0.0000000000e+00 5.2960023502e-05 2.3661598819e+00 3.6410576949e-03
8.0000000000e-03 0.0000000000e+00 7.5369536098e+00 4.0166638247e+00 1.4588936793e-02 -1.5770429260e+01 1.7359263695e-02 5.1100000000e-01 1.1699700782e-02 0.0000000000e+00 7.9472476441e-05 2.5542012270e+00 4.7644075891e-03
9.0000000000e-03 0.0000000000e+00 8.4806763319e+00 4.2964331835e+00 1.8527466747e-02 -1.7172319170e+01 2.2037205728e-02 5.1100000000e-01 1.4076566743e-02 0.0000000000e+00 1.1372842794e-04 2.7323702121e+00 6.0406201197e-03
1.0000000000e-02 0.0000000000e+00 9.4246721342e+00 4.5631583177e+00 2.2949103275e-02 -1.8509378678e+01 2.7287126185e-02 5.1100000000e-01 1.6609448953e-02 0.0000000000e+00 1.5676598610e-04 2.9022134224e+00 7.4703109400e-03
1.1000000000e-02 0.0000000000e+00 1.0368928892e+01 4.8186004940e+00 2.7857378672e-02 -1.9788874385e+01 3.3113159654e-02 5.1100000000e-01 1.9290713708e-02 0.0000000000e+00 2.0963663464e-04 3.0648992477e+00 9.0540787059e-03
1.2000000000e-02 0.0000000000e+00 1.1313436036e+01 5.0641357927e+00 3.3255736973e-02 -2.1016871987e+01 3.9519391628e-02 5.1100000000e-01 2.2113593547e-02 0.0000000000e+00 2.7340462079e-04 3.2213363304e+00 1.0792507570e-02
1.3000000000e-02 0.0000000000e+00 1.2258184232e+01 5.3008693149e+00 3.9147524737e-02 -2.2198508602e+01 4.6509840923e-02 5.1100000000e-01 2.5072069553e-02 0.0000000000e+00 3.4914642656e-04 3.3722485800e+00 1.2686169142e-02
1.4000000000e-02 0.0000000000e+00 1.3203165145e+01 5.5297096620e+00 4.5536071098e-02 -2.3338186915e+01 5.4088572184e-02 5.1100000000e-01 2.8160790224e-02 0.0000000000e+00 4.3795144951e-04 3.5182246460e+00 1.4735624062e-02
1.5000000000e-02 0.0000000000e+00 1.4148371275e+01 5.7514192027e+00 5.2424571613e-02 -2.4439717710e+01 6.2259516773e-02 5.1100000000e-01 3.1375012862e-02 0.0000000000e+00 5.4092002933e-04 3.6597516785e+00 1.6941423294e-02
1.6000000000e-02 0.0000000000e+00 1.5093795825e+01 5.9666489414e+00 5.9816233119e-02 -2.5506427323e+01 7.1026683188e-02 5.1100000000e-01 3.4710558543e-02 0.0000000000e+00 6.5916514433e-04 3.7972390324e+00 1.9304109196e-02
1.7000000000e-02 0.0000000000e+00 1.6039432602e+01 6.1759634323e+00 6.7714198035e-02 -2.6541239983e+01 8.0394045502e-02 5.1100000000e-01 3.8163776290e-02 0.0000000000e+00 7.9381101191e-04 3.9310354152e+00 2.1824216424e-02
1.8000000000e-02 0.0000000000e+00 1.6985275946e+01 6.3798588421e+00 7.6121515734e-02 -2.7546742531e+01 9.0365482917e-02 5.1100000000e-01 4.1731513385e-02 0.0000000000e+00 9.4599267408e-04 4.0614414318e+00 2.4502272707e-02
1.9000000000e-02 0.0000000000e+00 1.7931320661e+01 6.5787763509e+00 8.5041302265e-02 -2.8525235737e+01 1.0094501507e-01 5.1100000000e-01 4.5411089769e-02 0.0000000000e+00 1.1168579383e-03 4.1887189947e+00 2.7338799503e-02
2.0000000000e-02 0.0000000000e+00 1.8877561972e+01 6.7731123386e+00 9.4476533036e-02 -2.9478775639e+01 1.1213652445e-01 5.1100000000e-01 4.9200275176e-02 0.0000000000e+00 1.3075639605e-03 4.3130985798e+00 3.0334312585e-02
2.1000000000e-02 0.0000000000e+00 1.9823995479e+01 6.9632260182e+00 1.0443017953e-01 -3.0409207386e+01 1.2394390205e-01 5.1100000000e-01 5.3097267815e-02 0.0000000000e+00 1.5192794765e-03 4.4347846937e+00 3.3489322538e-02
2.2000000000e-02 0.0000000000e+00 2.0770617126e+01 7.1494455313e+00 1.1490526145e-01 -3.1318193052e+01 1.3637119927e-01 5.1100000000e-01 5.7100675776e-02 0.0000000000e+00 1.7531851231e-03 4.5539602687e+00 3.6804335211e-02
2.3000000000e-02 0.0000000000e+00 2.1717423172e+01 7.3320726128e+00 1.2590462600e-01 -3.2207234838e+01 1.4942223105e-01 5.1100000000e-01 6.1209497756e-02 0.0000000000e+00 2.0104699232e-03 4.6707901017e+00 4.0279852108e-02
2.4000000000e-02 0.0000000000e+00 2.2664410167e+01 7.5113863755e+00 1.3743127396e-01 -3.3077694523e+01 1.6310101234e-01 5.1100000000e-01 6.5423106197e-02 0.0000000000e+00 2.2923369890e-03 4.7854236173e+00 4.3916370746e-02
2.5000000000e-02 0.0000000000e+00 2.3611574927e+01 7.6876463159e+00 1.4948799230e-01 -3.3930809904e+01 1.7741144234e-01 5.1100000000e-01 6.9741230561e-02 0.0000000000e+00 2.5999957857e-03 4.8979970935e+00 4.7714384965e-02
2.6000000000e-02 0.0000000000e+00 2.4558914523e+01 7.8610947619e+00 1.6207763187e-01 -3.4767708928e+01 1.9235739084e-01 5.1100000000e-01 7.4163941110e-02 0.0000000000e+00 2.9346686058e-03 5.0086354884e+00 5.1674385221e-02
2.7000000000e-02 0.0000000000e+00 2.5506426256e+01 8.0319588512e+00 1.7520314405e-01 -3.5589421677e+01 2.0794295684e-01 5.1100000000e-01 7.8691633413e-02 0.0000000000e+00 3.2975897799e-03 5.1174539100e+00 5.5796858840e-02
2.8000000000e-02 0.0000000000e+00 2.6454107650e+01 8.2004522702e+00 1.8886731657e-01 -3.6396890721e+01 2.2417209917e-01 5.1100000000e-01 8.3325013607e-02 0.0000000000e+00 3.6900019482e-03 5.2245589271e+00 6.0082290258e-02
2.9000000000e-02 0.0000000000e+00 2.7401956437e+01 8.3667765576e+00 2.0307285305e-01 -3.7190980209e+01 2.4104861315e-01 5.1100000000e-01 8.8065082946e-02 0.0000000000e+00 4.1131553467e-03 5.3300495595e+00 6.4531161229e-02
3.0000000000e-02 0.0000000000e+00 2.8349970544e+01 8.5311222915e+00 2.1782265382e-01 -3.7972483659e+01 2.5857664284e-01 5.1100000000e-01 9.2913124936e-02 0.0000000000e+00 4.5683161017e-03 5.4340181269e+00 6.9143951031e-02
3.1000000000e-02 0.0000000000e+00 2.9298148082e+01 8.6936701069e+00 2.3311942806e-01 -3.8742130918e+01 2.7676007386e-01 5.1100000000e-01 9.7870690870e-02 0.0000000000e+00 5.0567559118e-03 5.5365510466e+00 7.3921136639e-02
3.2000000000e-02 0.0000000000e+00 3.0246487342e+01 8.8545915208e+00 2.4896598258e-01 -3.9500594069e+01 2.9560300499e-01 5.1100000000e-01 1.0293958661e-01 0.0000000000e+00 5.5797598515e-03 5.6377294392e+00 7.8863192898e-02
3.3000000000e-02 0.0000000000e+00 3.1194986778e+01 9.0140496286e+00 2.6536507938e-01 -4.0248492951e+01 3.1510942965e-01 5.1100000000e-01 1.0812185986e-01 0.0000000000e+00 6.1386208929e-03 5.7376296328e+00 8.3970592673e-02
3.4000000000e-02 0.0000000000e+00 3.2143645005e+01 9.1721997997e+00 2.8231937936e-01 -4.0986399775e+01 3.3528332653e-01 5.1100000000e-01 1.1341978800e-01 0.0000000000e+00 6.7346414111e-03 5.8363236822e+00 8.9243806996e-02
3.5000000000e-02 0.0000000000e+00 3.3092460791e+01 9.3291901626e+00 2.9983159347e-01 -4.1714843364e+01 3.5612867952e-01 5.1100000000e-01 1.1883586488e-01 0.0000000000e+00 7.3691328569e-03 5.9338797373e+00 9.4683305195e-02
3.6000000000e-02 0.0000000000e+00 3.4041433046e+01 9.4851621571e+00 3.1790457194e-01 -4.2434312863e+01 3.7764971783e-01 5.1100000000e-01 1.2437279137e-01 0.0000000000e+00 8.0434243629e-03 6.0303623969e+00 1.0028955502e-01
3.7000000000e-02 0.0000000000e+00 3.4990560821e+01 9.6402508800e+00 3.3654103262e-01 -4.3145261235e+01 3.9985060767e-01 5.1100000000e-01 1.3003346165e-01 0.0000000000e+00 8.7588495922e-03 6.1258329976e+00 1.0606302277e-01
3.8000000000e-02 0.0000000000e+00 3.5939843297e+01 9.7945855328e+00 3.5574335993e-01 -4.3848108074e+01 4.2273486978e-01 5.1100000000e-01 1.3582095342e-01 0.0000000000e+00 9.5167382329e-03 6.2203499164e+00 1.1200417336e-01
3.9000000000e-02 0.0000000000e+00 3.6889279782e+01 9.9482897324e+00 3.7551467422e-01 -4.4543242520e+01 4.4630738860e-01 5.1100000000e-01 1.4173851763e-01 0.0000000000e+00 1.0318462232e-02 6.3139687675e+00 1.1811347050e-01
4.0000000000e-02 0.0000000000e+00 3.7838869706e+01 1.0101481827e+01 3.9585730468e-01 -4.5231025528e+01 4.7057164957e-01 5.1100000000e-01 1.4778956742e-01 0.0000000000e+00 1.1165370047e-02 6.4067426417e+00 1.2439137669e-01
4.1000000000e-02 0.0000000000e+00 3.8788612612e+01 1.0254275162e+01 4.1677419767e-01 -4.5911792195e+01 4.9553227429e-01 5.1100000000e-01 1.5397766916e-01 0.0000000000e+00 1.2058843500e-02 6.4987222558e+00 1.3083835341e-01
4.2000000000e-02 0.0000000000e+00 3.9738508159e+01 1.0406778363e+01 4.3826770992e-01 -4.6585853766e+01 5.2119292926e-01 5.1100000000e-01 1.6030653203e-01 0.0000000000e+00 1.3000251121e-02 6.5899561719e+00 1.3745486114e-01
4.3000000000e-02 0.0000000000e+00 4.0688556107e+01 1.0559095512e+01 4.6034086291e-01 -4.7253499301e+01 5.4755820033e-01 5.1100000000e-01 1.6677999990e-01 0.0000000000e+00 1.3991001997e-02 6.6804908627e+00 1.4424135944e-01
4.4000000000e-02 0.0000000000e+00 4.1638756321e+01 1.0711326425e+01 4.8299621588e-01 -4.7914997543e+01 5.7463228745e-01 5.1100000000e-01 1.7340204154e-01 0.0000000000e+00 1.5032493842e-02 6.7703709355e+00 1.5119830707e-01
4.5000000000e-02 0.0000000000e+00 4.2589108764e+01 1.0863566803e+01 5.0623607490e-01 -4.8570598251e+01 6.0241902377e-01 5.1100000000e-01 1.8017674238e-01 0.0000000000e+00 1.6126121380e-02 6.8596391942e+00 1.5832616203e-01
4.6000000000e-02 0.0000000000e+00 4.3539613489e+01 1.1015908371e+01 5.3006351922e-01 -4.9220533688e+01 6.3092290374e-01 5.1100000000e-01 1.8710829615e-01 0.0000000000e+00 1.7273323082e-02 6.9483367159e+00 1.6562538162e-01
4.7000000000e-02 0.0000000000e+00 4.4490270644e+01 1.1168439192e+01 5.5448102258e-01 -4.9865019810e+01 6.6014821684e-01 5.1100000000e-01 1.9420099846e-01 0.0000000000e+00 1.8475525051e-02 7.0365030541e+00 1.7309642254e-01
4.8000000000e-02 0.0000000000e+00 4.5441080458e+01 1.1321243631e+01 5.7949133410e-01 -5.0504257488e+01 6.9009941393e-01 5.1100000000e-01 2.0145923591e-01 0.0000000000e+00 1.9734175242e-02 7.1241762166e+00 1.8073974091e-01
4.9000000000e-02 0.0000000000e+00 4.6392043249e+01 1.1474402692e+01 6.0509676269e-01 -5.1138433442e+01 7.2078024829e-01 5.1100000000e-01 2.0888748304e-01 0.0000000000e+00 2.1050700703e-02 7.2113928345e+00 1.8855579237e-01
5.0000000000e-02 0.0000000000e+00 4.7343159408e+01 1.1627993960e+01 6.3130048650e-01 -5.1767721354e+01 7.5219574892e-01 5.1100000000e-01 2.1649029026e-01 0.0000000000e+00 2.2426591437e-02 7.2981881543e+00 1.9654503209e-01
5.1000000000e-02 0.0000000000e+00 4.8294429406e+01 1.1782091932e+01 6.5810456549e-01 -5.2392282674e+01 7.8434948001e-01 5.1100000000e-01 2.2427228233e-01 0.0000000000e+00 2.3863288349e-02 7.3845962005e+00 2.0470791487e-01
5.2000000000e-02 0.0000000000e+00 4.9245853785e+01 1.1936767935e+01 6.8551188310e-01 -5.3012267539e+01 8.1724634656e-01 5.1100000000e-01 2.3223814798e-01 0.0000000000e+00 2.5362283632e-02 7.4706497044e+00 2.1304489516e-01
5.3000000000e-02 0.0000000000e+00 5.0197433157e+01 1.2092090416e+01 7.1352514740e-01 -5.3627815373e+01 8.5089053748e-01 5.1100000000e-01 2.4039263497e-01 0.0000000000e+00 2.6925067364e-02 7.5563803226e+00 2.2155642712e-01
5.4000000000e-02 0.0000000000e+00 5.1149168203e+01 1.2248124949e+01 7.4214685488e-01 -5.4239055700e+01 8.8528652740e-01 5.1100000000e-01 2.4874054455e-01 0.0000000000e+00 2.8553132132e-02 7.6418185681e+00 2.3024296467e-01
5.5000000000e-02 0.0000000000e+00 5.2101059666e+01 1.2404934371e+01 7.7137975902e-01 -5.4846108826e+01 9.2043880247e-01 5.1100000000e-01 2.5728672476e-01 0.0000000000e+00 3.0247993221e-02 7.7269939207e+00 2.3910496152e-01
5.6000000000e-02 0.0000000000e+00 5.3053108350e+01 1.2562578838e+01 8.0122644665e-01 -5.5449086379e+01 9.5635178779e-01 5.1100000000e-01 2.6603606494e-01 0.0000000000e+00 3.2011165031e-02 7.8119348209e+00 2.4814287123e-01
5.7000000000e-02 0.0000000000e+00 5.4005315121e+01 1.2721116006e+01 8.3168908874e-01 -5.6048091813e+01 9.9302941027e-01 5.1100000000e-01 2.7499349143e-01 0.0000000000e+00 3.3844153082e-02 7.8966687880e+00 2.5735714725e-01
5.8000000000e-02 0.0000000000e+00 5.4957680898e+01 1.2880601033e+01 8.6277102696e-01 -5.6643221075e+01 1.0304769611e+00 5.1100000000e-01 2.8416396179e-01 0.0000000000e+00 3.5748523889e-02 7.9812223809e+00 2.6674824296e-01
5.9000000000e-02 0.0000000000e+00 5.5910206657e+01 1.3041086702e+01 8.9447441508e-01 -5.7234562947e+01 1.0686987651e+00 5.1100000000e-01 2.9355245879e-01 0.0000000000e+00 3.7725809573e-02 8.0656212989e+00 2.7631661169e-01
6.0000000000e-02 0.0000000000e+00 5.6862893421e+01 1.3202623490e+01 9.2680223692e-01 -5.7822199549e+01 1.1076994630e+00 5.1100000000e-01 3.0316398821e-01 0.0000000000e+00 3.9777577863e-02 8.1498903531e+00 2.8606270678e-01
6.1000000000e-02 0.0000000000e+00 5.7815742270e+01 1.3365259702e+01 9.5975703994e-01 -5.8406206763e+01 1.1474835573e+00 5.1100000000e-01 3.1300357200e-01 0.0000000000e+00 4.1905397446e-02 8.2340536039e+00 2.9598698161e-01
6.2000000000e-02 0.0000000000e+00 5.8768754323e+01 1.3529041405e+01 9.9334050884e-01 -5.8986654630e+01 1.1880544136e+00 5.1100000000e-01 3.2307624444e-01 0.0000000000e+00 4.4110784899e-02 8.3181342369e+00 3.0608988963e-01
6.3000000000e-02 0.0000000000e+00 5.9721930750e+01 1.3694012675e+01 1.0275567488e+00 -5.9563607645e+01 1.2294190047e+00 5.1100000000e-01 3.3338704898e-01 0.0000000000e+00 4.6395405130e-02 8.4021547549e+00 3.1637188440e-01
6.4000000000e-02 0.0000000000e+00 6.0675272759e+01 1.3860215519e+01 1.0624077385e+00 -6.0137125179e+01 1.2715806338e+00 5.1100000000e-01 3.4394103428e-01 0.0000000000e+00 4.8760826244e-02 8.4861368586e+00 3.2683341961e-01
6.5000000000e-02 0.0000000000e+00 6.1628781604e+01 1.4027690021e+01 1.0978954165e+00 -6.0707261750e+01 1.3145431809e+00 5.1100000000e-01 3.5474324777e-01 0.0000000000e+00 5.1208599987e-02 8.5701015936e+00 3.3747494913e-01
6.6000000000e-02 0.0000000000e+00 6.2582458576e+01 1.4196474436e+01 1.1340236874e+00 -6.1274067203e+01 1.3583132872e+00 5.1100000000e-01 3.6579873674e-01 0.0000000000e+00 5.3740424490e-02 8.6540693339e+00 3.4829692703e-01
6.7000000000e-02 0.0000000000e+00 6.3536305002e+01 1.4366605092e+01 1.1707939175e+00 -6.1837587353e+01 1.4028939739e+00 5.1100000000e-01 3.7711253954e-01 0.0000000000e+00 5.6357842151e-02 8.7380597255e+00 3.5929980760e-01
6.8000000000e-02 0.0000000000e+00 6.4490322247e+01 1.4538116675e+01 1.2082095034e+00 -6.2397863726e+01 1.4482905966e+00 5.1100000000e-01 3.8868968724e-01 0.0000000000e+00 5.9062541103e-02 8.8220918629e+00 3.7048404540e-01
6.9000000000e-02 0.0000000000e+00 6.5444511707e+01 1.4711042065e+01 1.2462733573e+00 -6.2954934251e+01 1.4945088880e+00 5.1100000000e-01 4.0053519582e-01 0.0000000000e+00 6.1856173732e-02 8.9061841546e+00 3.8185009528e-01
7.0000000000e-02 0.0000000000e+00 6.6398874812e+01 1.4885412569e+01 1.2849872966e+00 -6.3508833174e+01 1.5415522370e+00 5.1100000000e-01 4.1265406753e-01 0.0000000000e+00 6.4740339592e-02 8.9903544612e+00 3.9339841240e-01
7.1000000000e-02 0.0000000000e+00 6.7353413023e+01 1.5061257838e+01 1.3243544622e+00 -6.4059591505e+01 1.5894262656e+00 5.1100000000e-01 4.2505128342e-01 0.0000000000e+00 6.7716739132e-02 9.0746200430e+00 4.0512945226e-01
7.2000000000e-02 0.0000000000e+00 6.8308127828e+01 1.5238606033e+01 1.3643767509e+00 -6.4607237017e+01 1.6381345826e+00 5.1100000000e-01 4.3773180621e-01 0.0000000000e+00 7.0786988032e-02 9.1589976137e+00 4.1704367073e-01
7.3000000000e-02 0.0000000000e+00 6.9263020744e+01 1.5417483776e+01 1.4050575198e+00 -6.5151794564e+01 1.6876833145e+00 5.1100000000e-01 4.5070057117e-01 0.0000000000e+00 7.3952819656e-02 9.2435033489e+00 4.2914152406e-01
7.4000000000e-02 0.0000000000e+00 7.0218093314e+01 1.5597916256e+01 1.4463999871e+00 -6.5693286209e+01 1.7380783673e+00 5.1100000000e-01 4.6396248888e-01 0.0000000000e+00 7.7215978743e-02 9.3281528922e+00 4.4142346894e-01
7.5000000000e-02 0.0000000000e+00 7.1173347103e+01 1.5779927244e+01 1.4884054781e+00 -6.6231731408e+01 1.7893224222e+00 5.1100000000e-01 4.7752244026e-01 0.0000000000e+00 8.0578050583e-02 9.4129613735e+00 4.5388996248e-01
7.6000000000e-02 0.0000000000e+00 7.2128783702e+01 1.5963539161e+01 1.5310768301e+00 -6.6767147137e+01 1.8414208839e+00 5.1100000000e-01 4.9138527452e-01 0.0000000000e+00 8.4040766563e-02 9.4979434441e+00 4.6654146226e-01
7.7000000000e-02 0.0000000000e+00 7.3084404723e+01 1.6148773133e+01 1.5744182637e+00 -6.7299548047e+01 1.8943812692e+00 5.1100000000e-01 5.0555580822e-01 0.0000000000e+00 8.7605965950e-02 9.5831132859e+00 4.7937842636e-01
7.8000000000e-02 0.0000000000e+00 7.4040211796e+01 1.6335648916e+01 1.6184300666e+00 -6.7828946658e+01 1.9482047932e+00 5.1100000000e-01 5.2003881957e-01 0.0000000000e+00 9.1275208114e-02 9.6684845629e+00 4.9240131335e-01
7.9000000000e-02 0.0000000000e+00 7.4996206574e+01 1.6524185158e+01 1.6631168871e+00 -6.8355353364e+01 2.0028997841e+00 5.1100000000e-01 5.3483905347e-01 0.0000000000e+00 9.5050388561e-02 9.7540705566e+00 5.0561058234e-01
8.0000000000e-02 0.0000000000e+00 7.5952390726e+01 1.6714399233e+01 1.7084799898e+00 -6.8878776669e+01 2.0584687261e+00 5.1100000000e-01 5.4996121256e-01 0.0000000000e+00 9.8933118191e-02 9.8398840762e+00 5.1900669299e-01
8.1000000000e-02 0.0000000000e+00 7.6908765936e+01 1.6906307333e+01 1.7545224680e+00 -6.9399223290e+01 2.1149181895e+00 5.1100000000e-01 5.6540995762e-01 0.0000000000e+00 1.0292522163e-01 9.9259374863e+00 5.3259010553e-01
8.2000000000e-02 0.0000000000e+00 7.7865333910e+01 1.7099924618e+01 1.8012480652e+00 -6.9916698181e+01 2.1722545614e+00 5.1100000000e-01 5.8118990904e-01 0.0000000000e+00 1.0702855447e-01 1.0012242800e+01 5.4636128080e-01
8.3000000000e-02 0.0000000000e+00 7.8822096362e+01 1.7295265068e+01 1.8486576956e+00 -7.0431204716e+01 2.2304799869e+00 5.1100000000e-01 5.9730563879e-01 0.0000000000e+00 1.1124473723e-01 1.0098811589e+01 5.6032068024e-01
8.4000000000e-02 0.0000000000e+00 7.9779055019e+01 1.7492341611e+01 1.8967548842e+00 -7.0942744816e+01 2.2896012657e+00 5.1100000000e-01 6.1376167592e-01 0.0000000000e+00 1.1557564607e-01 1.0185654993e+01 5.7446876592e-01
8.5000000000e-02 0.0000000000e+00 8.0736211627e+01 1.7691166236e+01 1.9455430525e+00 -7.1451318913e+01 2.3496248238e+00 5.1100000000e-01 6.3056250307e-01 0.0000000000e+00 1.2002312968e-01 1.0272783847e+01 5.8880600056e-01
8.6000000000e-02 0.0000000000e+00 8.1693567938e+01 1.7891749844e+01 1.9950227155e+00 -7.1956926108e+01 2.4105527380e+00 5.1100000000e-01 6.4771254867e-01 0.0000000000e+00 1.2458882308e-01 1.0360208580e+01 6.0333284758e-01
8.7000000000e-02 0.0000000000e+00 8.2651125715e+01 1.8094102421e+01 2.0451989870e+00 -7.2459564366e+01 2.4723938507e+00 5.1100000000e-01 6.6521619535e-01 0.0000000000e+00 1.2927474898e-01 1.0447939256e+01 6.1804977106e-01
8.8000000000e-02 0.0000000000e+00 8.3608886735e+01 1.8298233056e+01 2.0960727863e+00 -7.2959230329e+01 2.5351508398e+00 5.1100000000e-01 6.8307777345e-01 0.0000000000e+00 1.3408257135e-01 1.0535985630e+01 6.3295723581e-01
8.9000000000e-02 0.0000000000e+00 8.4566852776e+01 1.8504149856e+01 2.1476478886e+00 -7.3455919668e+01 2.5988301438e+00 5.1100000000e-01 7.0130156076e-01 0.0000000000e+00 1.3901425990e-01 1.0624357038e+01 6.4805570735e-01
9.0000000000e-02 0.0000000000e+00 8.5525025633e+01 1.8711860144e+01 2.1999262247e+00 -7.3949626950e+01 2.6634373266e+00 5.1100000000e-01 7.1989177977e-01 0.0000000000e+00 1.4407156175e-01 1.0713062591e+01 6.6334565195e-01
9.1000000000e-02 0.0000000000e+00 8.6483407098e+01 1.8921370313e+01 2.2529115023e+00 -7.4440345843e+01 2.7289779308e+00 5.1100000000e-01 7.3885260033e-01 0.0000000000e+00 1.4925643255e-01 1.0802110969e+01 6.7882753665e-01
9.2000000000e-02 0.0000000000e+00 8.7441998977e+01 1.9132686007e+01 2.3066052846e+00 -7.4928069057e+01 2.7954569579e+00 5.1100000000e-01 7.5818813612e-01 0.0000000000e+00 1.5457066344e-01 1.0891510614e+01 6.9450182926e-01
9.3000000000e-02 0.0000000000e+00 8.8400803073e+01 1.9345812015e+01 2.3610114392e+00 -7.5412788537e+01 2.8628805544e+00 5.1100000000e-01 7.7790244409e-01 0.0000000000e+00 1.6001622292e-01 1.0981269605e+01 7.1036899840e-01
9.4000000000e-02 0.0000000000e+00 8.9359821204e+01 1.9560752418e+01 2.4161311987e+00 -7.5894495373e+01 2.9312517730e+00 5.1100000000e-01 7.9799952347e-01 0.0000000000e+00 1.6559484684e-01 1.1071395785e+01 7.2642951350e-01
9.5000000000e-02 0.0000000000e+00 9.0319055184e+01 1.9777510524e+01 2.4719684437e+00 -7.6373179950e+01 3.0005790885e+00 5.1100000000e-01 8.1848331588e-01 0.0000000000e+00 1.7130857937e-01 1.1161896672e+01 7.4268384480e-01
9.6000000000e-02 0.0000000000e+00 9.1278506830e+01 1.9996088896e+01 2.5285262557e+00 -7.6848832012e+01 3.0708683131e+00 5.1100000000e-01 8.3935770368e-01 0.0000000000e+00 1.7715934685e-01 1.1252779483e+01 7.5913246341e-01
9.7000000000e-02 0.0000000000e+00 9.2238177969e+01 2.0216489477e+01 2.5858053359e+00 -7.7321440605e+01 3.1421214083e+00 5.1100000000e-01 8.6062650994e-01 0.0000000000e+00 1.8314887109e-01 1.1344051230e+01 7.7577584130e-01
9.8000000000e-02 0.0000000000e+00 9.3198070419e+01 2.0438713450e+01 2.6438108656e+00 -7.7790994221e+01 3.2143478145e+00 5.1100000000e-01 8.8229349929e-01 0.0000000000e+00 1.8927930757e-01 1.1435718559e+01 7.9261445130e-01
9.9000000000e-02 0.0000000000e+00 9.4158186006e+01 2.0662761384e+01 2.7025436982e+00 -7.8257480796e+01 3.2875506144e+00 5.1100000000e-01 9.0436237140e-01 0.0000000000e+00 1.9555243824e-01 1.1527787935e+01 8.0964876716e-01
1.0000000000e-01 0.0000000000e+00 9.5118526550e+01 2.0888633187e+01 2.7620083318e+00 -7.8720887823e+01 3.3617382551e+00 5.1100000000e-01 9.2683676867e-01 0.0000000000e+00 2.0197039638e-01 1.1620265500e+01 8.2687926352e-01
1.0100000000e-01 0.0000000000e+00 9.6079093878e+01 2.1116328201e+01 2.8222054244e+00 -7.9181202221e+01 3.4369133362e+00 5.1100000000e-01 9.4972027030e-01 0.0000000000e+00 2.0853490358e-01 1.1713157208e+01 8.4430641595e-01
1.0200000000e-01 0.0000000000e+00 9.7039889813e+01 2.1345845148e+01 2.8831393261e+00 -7.9638410608e+01 3.5130829057e+00 5.1100000000e-01 9.7301639185e-01 0.0000000000e+00 2.1524808177e-01 1.1806468757e+01 8.6193070097e-01
1.0300000000e-01 0.0000000000e+00 9.8000916175e+01 2.1577182168e+01 2.9448127567e+00 -8.0092499098e+01 3.5902548406e+00 5.1100000000e-01 9.9672858872e-01 0.0000000000e+00 2.2211197378e-01 1.1900205579e+01 8.7975259604e-01
1.0400000000e-01 0.0000000000e+00 9.8962174784e+01 2.1810336877e+01 3.0072285459e+00 -8.0543453478e+01 3.6684331888e+00 5.1100000000e-01 1.0208602516e+00 0.0000000000e+00 2.2912853966e-01 1.1994372919e+01 8.9777257960e-01
1.0500000000e-01 0.0000000000e+00 9.9923667453e+01 2.2045306302e+01 3.0703868257e+00 -8.0991259271e+01 3.7476198937e+00 5.1100000000e-01 1.0454147083e+00 0.0000000000e+00 2.3629948049e-01 1.2088975746e+01 9.1599113108e-01
1.0600000000e-01 0.0000000000e+00 1.0088539600e+02 2.2282087002e+01 3.1342953765e+00 -8.1435901603e+01 3.8278297857e+00 5.1100000000e-01 1.0703952226e+00 0.0000000000e+00 2.4362737499e-01 1.2184018864e+01 9.3440873089e-01
1.0700000000e-01 0.0000000000e+00 1.0184736223e+02 2.2520675008e+01 3.1989525622e+00 -8.1877365405e+01 3.9090610816e+00 5.1100000000e-01 1.0958049949e+00 0.0000000000e+00 2.5111376823e-01 1.2279506831e+01 9.5302586048e-01
1.0800000000e-01 0.0000000000e+00 1.0280956795e+02 2.2761065838e+01 3.2643629244e+00 -8.2315635388e+01 3.9913223256e+00 5.1100000000e-01 1.1216471608e+00 0.0000000000e+00 2.5876088203e-01 1.2375443979e+01 9.7184300230e-01
1.0900000000e-01 0.0000000000e+00 1.0377201496e+02 2.3003254623e+01 3.3305297538e+00 -8.2750695913e+01 4.0746206307e+00 5.1100000000e-01 1.1479247924e+00 0.0000000000e+00 2.6657082337e-01 1.2471834509e+01 9.9086063987e-01
1.1000000000e-01 0.0000000000e+00 1.0473470506e+02 2.3247235939e+01 3.3974550456e+00 -8.3182531255e+01 4.1589611126e+00 5.1100000000e-01 1.1746408955e+00 0.0000000000e+00 2.7454552278e-01 1.2568682343e+01 1.0100792577e+00
1.1100000000e-01 0.0000000000e+00 1.0569764003e+02 2.3493004002e+01 3.4651403447e+00 -8.3611125551e+01 4.2443470119e+00 5.1100000000e-01 1.2017984147e+00 0.0000000000e+00 2.8268697353e-01 1.2665991257e+01 1.0294993416e+00
1.1200000000e-01 0.0000000000e+00 1.0666082166e+02 2.3740552516e+01 3.5335919151e+00 -8.4036462725e+01 4.3307901311e+00 5.1100000000e-01 1.2294002240e+00 0.0000000000e+00 2.9099756367e-01 1.2763764801e+01 1.0491213781e+00
1.1300000000e-01 0.0000000000e+00 1.0762425172e+02 2.3989874886e+01 3.6028091682e+00 -8.4458526547e+01 4.4182916425e+00 5.1100000000e-01 1.2574491386e+00 0.0000000000e+00 2.9947906747e-01 1.2862006403e+01 1.0689458550e+00
1.1400000000e-01 0.0000000000e+00 1.0858793200e+02 2.4240964053e+01 3.6727964738e+00 -8.4877300769e+01 4.5068600887e+00 5.1100000000e-01 1.2859479044e+00 0.0000000000e+00 3.0813371116e-01 1.2960719277e+01 1.0889732614e+00
1.1500000000e-01 0.0000000000e+00 1.0955186424e+02 2.4493812570e+01 3.7435585903e+00 -8.5292769001e+01 4.5965035242e+00 5.1100000000e-01 1.3148992056e+00 0.0000000000e+00 3.1696385140e-01 1.3059906434e+01 1.1092040873e+00
1.1600000000e-01 0.0000000000e+00 1.1051605021e+02 2.4748412613e+01 3.8150939365e+00 -8.5704914802e+01 4.6872229417e+00 5.1100000000e-01 1.3443056567e+00 0.0000000000e+00 3.2597106366e-01 1.3159570746e+01 1.1296388239e+00
1.1700000000e-01 0.0000000000e+00 1.1148049165e+02 2.5004756050e+01 3.8874079186e+00 -8.6113721724e+01 4.7790274486e+00 5.1100000000e-01 1.3741698106e+00 0.0000000000e+00 3.3515780521e-01 1.3259714934e+01 1.1502779634e+00
1.1800000000e-01 0.0000000000e+00 1.1244519030e+02 2.5262834349e+01 3.9605058850e+00 -8.6519173180e+01 4.8719274105e+00 5.1100000000e-01 1.4044941565e+00 0.0000000000e+00 3.4452651666e-01 1.3360341497e+01 1.1711219995e+00
1.1900000000e-01 0.0000000000e+00 1.1341014789e+02 2.5522638707e+01 4.0343858511e+00 -8.6921252668e+01 4.9659217291e+00 5.1100000000e-01 1.4352811145e+00 0.0000000000e+00 3.5407875655e-01 1.3461452872e+01 1.1921714269e+00
1.2000000000e-01 0.0000000000e+00 1.1437536615e+02 2.5784159893e+01 4.1090530383e+00 -8.7319943642e+01 5.0610212910e+00 5.1100000000e-01 1.4665330418e+00 0.0000000000e+00 3.6381698159e-01 1.3563051211e+01 1.2134267413e+00
1.2100000000e-01 0.0000000000e+00 1.1534084678e+02 2.6047388503e+01 4.1845109345e+00 -8.7715229536e+01 5.1572322981e+00 5.1100000000e-01 1.4982522308e+00 0.0000000000e+00 3.7374343753e-01 1.3665138662e+01 1.2348884400e+00
1.2200000000e-01 0.0000000000e+00 1.1630659149e+02 2.6312314737e+01 4.2607621218e+00 -8.8107093826e+01 5.2545603357e+00 5.1100000000e-01 1.5304409092e+00 0.0000000000e+00 3.8386027527e-01 1.3767717121e+01 1.2565570213e+00
1.2300000000e-01 0.0000000000e+00 1.1727260197e+02 2.6578928558e+01 4.3378098381e+00 -8.8495520090e+01 5.3530134510e+00 5.1100000000e-01 1.5631012401e+00 0.0000000000e+00 3.9416979557e-01 1.3870788394e+01 1.2784329846e+00
1.2400000000e-01 0.0000000000e+00 1.1823887990e+02 2.6847219557e+01 4.4156547454e+00 -8.8880491920e+01 5.4525944425e+00 5.1100000000e-01 1.5962353208e+00 0.0000000000e+00 4.0467375811e-01 1.3974354067e+01 1.3005168308e+00
1.2500000000e-01 0.0000000000e+00 1.1920542697e+02 2.7117177216e+01 4.4943014998e+00 -8.9261992840e+01 5.5533125370e+00 5.1100000000e-01 1.6298451862e+00 0.0000000000e+00 4.1537479958e-01 1.4078415727e+01 1.3228090619e+00
1.2600000000e-01 0.0000000000e+00 1.2017224481e+02 2.7388790609e+01 4.5737526023e+00 -8.9640006698e+01 5.6551738367e+00 5.1100000000e-01 1.6639328044e+00 0.0000000000e+00 4.2627496244e-01 1.4182974702e+01 1.3453101813e+00
1.2700000000e-01 0.0000000000e+00 1.2113933510e+02 2.7662048637e+01 4.6540131477e+00 -9.0014517215e+01 5.7581871791e+00 5.1100000000e-01 1.6985000817e+00 0.0000000000e+00 4.3737682008e-01 1.4288032246e+01 1.3680206935e+00
1.2800000000e-01 0.0000000000e+00 1.2210669945e+02 2.7936939955e+01 4.7350823968e+00 -9.0385508278e+01 5.8623548774e+00 5.1100000000e-01 1.7335488595e+00 0.0000000000e+00 4.4868219602e-01 1.4393589490e+01 1.3909411046e+00
1.2900000000e-01 0.0000000000e+00 1.2307433952e+02 2.8213452967e+01 4.8169661925e+00 -9.0752963918e+01 5.9676892838e+00 5.1100000000e-01 1.7690809161e+00 0.0000000000e+00 4.6019361057e-01 1.4499647416e+01 1.4140719216e+00
1.3000000000e-01 0.0000000000e+00 1.2404225690e+02 2.8491575862e+01 4.8996653312e+00 -9.1116868215e+01 6.0741903649e+00 5.1100000000e-01 1.8050979644e+00 0.0000000000e+00 4.7191319284e-01 1.4606206905e+01 1.4374136531e+00
1.3100000000e-01 0.0000000000e+00 1.2501045320e+02 2.8771296629e+01 4.9831846186e+00 -9.1477205384e+01 6.1818702931e+00 5.1100000000e-01 1.8416016587e+00 0.0000000000e+00 4.8384339345e-01 1.4713268700e+01 1.4609668090e+00
1.3200000000e-01 0.0000000000e+00 1.2597893002e+02 2.9052603048e+01 5.0675274809e+00 -9.1833959775e+01 6.2907349687e+00 5.1100000000e-01 1.8785935834e+00 0.0000000000e+00 4.9598663855e-01 1.4820833477e+01 1.4847319006e+00
1.3300000000e-01 0.0000000000e+00 1.2694768893e+02 2.9335482698e+01 5.1526932388e+00 -9.2187115907e+01 6.4007872708e+00 5.1100000000e-01 1.9160752667e+00 0.0000000000e+00 5.0834467120e-01 1.4928901746e+01 1.5087094403e+00
1.3400000000e-01 0.0000000000e+00 1.2791673150e+02 2.9619922931e+01 5.2386882551e+00 -9.2536658380e+01 6.5120388656e+00 5.1100000000e-01 1.9540481703e+00 0.0000000000e+00 5.2092032651e-01 1.5037473899e+01 1.5328999422e+00
1.3500000000e-01 0.0000000000e+00 1.2888605929e+02 2.9905911016e+01 5.3255166268e+00 -9.2882571981e+01 6.6244979707e+00 5.1100000000e-01 1.9925136948e+00 0.0000000000e+00 5.3371606137e-01 1.5146550314e+01 1.5573039217e+00
1.3600000000e-01 0.0000000000e+00 1.2985567384e+02 3.0193433957e+01 5.4131775860e+00 -9.3224841633e+01 6.7381645541e+00 5.1100000000e-01 2.0314731795e+00 0.0000000000e+00 5.4673365705e-01 1.5256131167e+01 1.5819218953e+00
1.3700000000e-01 0.0000000000e+00 1.3082557667e+02 3.0482478582e+01 5.5016771966e+00 -9.3563452534e+01 6.8530518792e+00 5.1100000000e-01 2.0709278999e+00 0.0000000000e+00 5.5997606282e-01 1.5366216539e+01 1.6067543814e+00
1.3800000000e-01 0.0000000000e+00 1.3179576930e+02 3.0773031667e+01 5.5910145722e+00 -9.3898389836e+01 6.9691623361e+00 5.1100000000e-01 2.1108790733e+00 0.0000000000e+00 5.7344489892e-01 1.5476806498e+01 1.6318018995e+00
1.3900000000e-01 0.0000000000e+00 1.3276625323e+02 3.1065079743e+01 5.6811972681e+00 -9.4229639032e+01 7.0865063557e+00 5.1100000000e-01 2.1513278529e+00 0.0000000000e+00 5.8714327284e-01 1.5587900945e+01 1.6570649706e+00
1.4000000000e-01 0.0000000000e+00 1.3373702995e+02 3.1358609170e+01 5.7722278022e+00 -9.4557185777e+01 7.2050928955e+00 5.1100000000e-01 2.1922753334e+00 0.0000000000e+00 6.0107357563e-01 1.5699499646e+01 1.6825441171e+00
1.4100000000e-01 0.0000000000e+00 1.3470810094e+02 3.1653606262e+01 5.8641077066e+00 -9.4881015900e+01 7.3249266599e+00 5.1100000000e-01 2.2337225469e+00 0.0000000000e+00 6.1523797214e-01 1.5811602384e+01 1.7082398631e+00
1.4200000000e-01 0.0000000000e+00 1.3567946765e+02 3.1950057152e+01 5.9568402529e+00 -9.5201115340e+01 7.4460134922e+00 5.1100000000e-01 2.2756704670e+00 0.0000000000e+00 6.2963882854e-01 1.5924208793e+01 1.7341527338e+00
1.4300000000e-01 0.0000000000e+00 1.3665113153e+02 3.2247947810e+01 6.0504254006e+00 -9.5517470403e+01 7.5683564553e+00 5.1100000000e-01 2.3181200059e+00 0.0000000000e+00 6.4427808348e-01 1.6037318398e+01 1.7602832563e+00
1.4400000000e-01 0.0000000000e+00 1.3762309402e+02 3.2547264157e+01 6.1448745760e+00 -9.5830067355e+01 7.6919767990e+00 5.1100000000e-01 2.3610720188e+00 0.0000000000e+00 6.5915954631e-01 1.6150930693e+01 1.7866319588e+00
1.4500000000e-01 0.0000000000e+00 1.3859535653e+02 3.2847991935e+01 6.2401830007e+00 -9.6138892926e+01 7.8168688323e+00 5.1100000000e-01 2.4045272995e+00 0.0000000000e+00 6.7428438242e-01 1.6265045041e+01 1.8131993713e+00
1.4600000000e-01 0.0000000000e+00 1.3956792047e+02 3.3150116780e+01 6.3363563523e+00 -9.6443933905e+01 7.9430445144e+00 5.1100000000e-01 2.4484865836e+00 0.0000000000e+00 6.8965559037e-01 1.6379660728e+01 1.8399860253e+00
1.4700000000e-01 0.0000000000e+00 1.4054078722e+02 3.3453624280e+01 6.4333963304e+00 -9.6745177246e+01 8.0705078238e+00 5.1100000000e-01 2.4929505467e+00 0.0000000000e+00 7.0527525934e-01 1.6494777024e+01 1.8669924536e+00
1.4800000000e-01 0.0000000000e+00 1.4151395817e+02 3.3758499879e+01 6.5313131573e+00 -9.7042610231e+01 8.1992784180e+00 5.1100000000e-01 2.5379198108e+00 0.0000000000e+00 7.2114714516e-01 1.6610393050e+01 1.8942191908e+00
1.4900000000e-01 0.0000000000e+00 1.4248743467e+02 3.4064728927e+01 6.6301002495e+00 -9.7336220335e+01 8.3293484680e+00 5.1100000000e-01 2.5833949357e+00 0.0000000000e+00 7.3727218139e-01 1.6726507882e+01 1.9216667730e+00
1.5000000000e-01 0.0000000000e+00 1.4346121808e+02 3.4372296689e+01 6.7297664838e+00 -9.7625995205e+01 8.4607340391e+00 5.1100000000e-01 2.6293764257e+00 0.0000000000e+00 7.5365374050e-01 1.6843120517e+01 1.9493357379e+00
1.5100000000e-01 0.0000000000e+00 1.4443530971e+02 3.4681188314e+01 6.8303153231e+00 -9.7911922771e+01 8.5934431371e+00 5.1100000000e-01 2.6758647268e+00 0.0000000000e+00 7.7029443822e-01 1.6960229858e+01 1.9772266246e+00
1.5200000000e-01 0.0000000000e+00 1.4540971089e+02 3.4991388946e+01 6.9317451342e+00 -9.8193991130e+01 8.7274761837e+00 5.1100000000e-01 2.7228602286e+00 0.0000000000e+00 7.8719599077e-01 1.7077834810e+01 2.0053399741e+00
1.5300000000e-01 0.0000000000e+00 1.4638442292e+02 3.5302883557e+01 7.0340614591e+00 -9.8472188715e+01 8.8628437226e+00 5.1100000000e-01 2.7703632662e+00 0.0000000000e+00 8.0436143891e-01 1.7195934105e+01 2.0336763287e+00
1.5400000000e-01 0.0000000000e+00 1.4735944708e+02 3.5615657131e+01 7.1372732622e+00 -9.8746504011e+01 8.9995644525e+00 5.1100000000e-01 2.8183741166e+00 0.0000000000e+00 8.2179421803e-01 1.7314526503e+01 2.0622362327e+00
1.5500000000e-01 0.0000000000e+00 1.4833478466e+02 3.5929694579e+01 7.2413755612e+00 -9.9016925852e+01 9.1376294791e+00 5.1100000000e-01 2.8668930032e+00 0.0000000000e+00 8.3949556488e-01 1.7433610687e+01 2.0910202316e+00
1.5600000000e-01 0.0000000000e+00 1.4931043689e+02 3.6244980645e+01 7.3463752410e+00 -9.9283443375e+01 9.2770566774e+00 5.1100000000e-01 2.9159200927e+00 0.0000000000e+00 8.5746864012e-01 1.7553185179e+01 2.1200288729e+00
1.5700000000e-01 0.0000000000e+00 1.5028640503e+02 3.6561500165e+01 7.4522756806e+00 -9.9546045745e+01 9.4178520657e+00 5.1100000000e-01 2.9654554965e+00 0.0000000000e+00 8.7571624331e-01 1.7673248595e+01 2.1492627055e+00
1.5800000000e-01 0.0000000000e+00 1.5126269029e+02 3.6879237766e+01 7.5590784182e+00 -9.9804722610e+01 9.5600222963e+00 5.1100000000e-01 3.0154992740e+00 0.0000000000e+00 8.9424063406e-01 1.7793799323e+01 2.1787222804e+00
1.5900000000e-01 0.0000000000e+00 1.5223929390e+02 3.7198178168e+01 7.6667864036e+00 -1.0005946367e+02 9.7035714127e+00 5.1100000000e-01 3.0660514265e+00 0.0000000000e+00 9.1304424599e-01 1.7914835863e+01 2.2084081497e+00
1.6000000000e-01 0.0000000000e+00 1.5321621705e+02 3.7518305967e+01 7.7754087660e+00 -1.0031025892e+02 9.8485184543e+00 5.1100000000e-01 3.1171119073e+00 0.0000000000e+00 9.3213084918e-01 1.8036356546e+01 2.2383208677e+00
1.6100000000e-01 0.0000000000e+00 1.5419346091e+02 3.7839605701e+01 7.8849414429e+00 -1.0055709872e+02 9.9948609925e+00 5.1100000000e-01 3.1686806113e+00 0.0000000000e+00 9.5150182949e-01 1.8158359668e+01 2.2684609902e+00
1.6200000000e-01 0.0000000000e+00 1.5517102665e+02 3.8162061909e+01 7.9953889536e+00 -1.0079997342e+02 1.0142608372e+01 5.1100000000e-01 3.2207573831e+00 0.0000000000e+00 9.7116020499e-01 1.8280843495e+01 2.2988290746e+00
1.6300000000e-01 0.0000000000e+00 1.5614891541e+02 3.8485659062e+01 8.1067606989e+00 -1.0103887384e+02 1.0291776704e+01 5.1100000000e-01 3.2733420148e+00 0.0000000000e+00 9.9110944425e-01 1.8403806210e+01 2.3294256804e+00
1.6400000000e-01 0.0000000000e+00 1.5712712834e+02 3.8810381596e+01 8.2190521813e+00 -1.0127379103e+02 1.0442364553e+01 5.1100000000e-01 3.3264342450e+00 0.0000000000e+00 1.0113511617e+00 1.8527245955e+01 2.3602513686e+00
1.6500000000e-01 0.0000000000e+00 1.5810566654e+02 3.9136213973e+01 8.3322723917e+00 -1.0150471610e+02 1.0594386760e+01 5.1100000000e-01 3.3800337629e+00 0.0000000000e+00 1.0318888480e+00 1.8651160865e+01 2.3913067020e+00
1.6600000000e-01 0.0000000000e+00 1.5908453113e+02 3.9463140564e+01 8.4464231207e+00 -1.0173164057e+02 1.0747849239e+01 5.1100000000e-01 3.4341402036e+00 0.0000000000e+00 1.0527250484e+00 1.8775548976e+01 2.4225922451e+00
1.6700000000e-01 0.0000000000e+00 1.6006372318e+02 3.9791145727e+01 8.5615013791e+00 -1.0195455619e+02 1.0902753630e+01 5.1100000000e-01 3.4887531544e+00 0.0000000000e+00 1.0738615187e+00 1.8900408276e+01 2.4541085644e+00
1.6800000000e-01 0.0000000000e+00 1.6104324377e+02 4.0120213817e+01 8.6775195751e+00 -1.0217345494e+02 1.1059116026e+01 5.1100000000e-01 3.5438721482e+00 0.0000000000e+00 1.0953024501e+00 1.9025736744e+01 2.4858562281e+00
1.6900000000e-01 0.0000000000e+00 1.6202309396e+02 4.0450329187e+01 8.7944785015e+00 -1.0238832903e+02 1.1216946272e+01 5.1100000000e-01 3.5994966726e+00 0.0000000000e+00 1.1170500167e+00 1.9151532307e+01 2.5178358061e+00
1.7000000000e-01 0.0000000000e+00 1.6300327478e+02 4.0781476108e+01 8.9123834103e+00 -1.0259917091e+02 1.1376253744e+01 5.1100000000e-01 3.6556261612e+00 0.0000000000e+00 1.1391077353e+00 1.9277792808e+01 2.5500478704e+00
1.7100000000e-01 0.0000000000e+00 1.6398378725e+02 4.1113638903e+01 9.0312334433e+00 -1.0280597331e+02 1.1537039847e+01 5.1100000000e-01 3.7122599996e+00 0.0000000000e+00 1.1614771675e+00 1.9404516098e+01 2.5824929947e+00
1.7200000000e-01 0.0000000000e+00 1.6496463239e+02 4.1446801846e+01 9.1510310597e+00 -1.0300872926e+02 1.1699312130e+01 5.1100000000e-01 3.7693975281e+00 0.0000000000e+00 1.1841613532e+00 1.9531699938e+01 2.6151717544e+00
1.7300000000e-01 0.0000000000e+00 1.6594581118e+02 4.1780949212e+01 9.2717804214e+00 -1.0320743195e+02 1.1863080677e+01 5.1100000000e-01 3.8270380314e+00 0.0000000000e+00 1.2071632105e+00 1.9659342094e+01 2.6480847270e+00
1.7400000000e-01 0.0000000000e+00 1.6692732461e+02 4.2116065292e+01 9.3934939518e+00 -1.0340207484e+02 1.2028365671e+01 5.1100000000e-01 3.8851807520e+00 0.0000000000e+00 1.2304868053e+00 1.9787440281e+01 2.6812324919e+00
1.7500000000e-01 0.0000000000e+00 1.6790917363e+02 4.2452134357e+01 9.5161623502e+00 -1.0359265167e+02 1.2195159552e+01 5.1100000000e-01 3.9438248831e+00 0.0000000000e+00 1.2541330834e+00 1.9915992168e+01 2.7146156302e+00
1.7600000000e-01 0.0000000000e+00 1.6889135919e+02 4.2789140675e+01 9.6397969861e+00 -1.0377915639e+02 1.2363480193e+01 5.1100000000e-01 4.0029695696e+00 0.0000000000e+00 1.2781062697e+00 2.0044995393e+01 2.7482347251e+00
1.7700000000e-01 0.0000000000e+00 1.6987388222e+02 4.3127068548e+01 9.7643970143e+00 -1.0396158317e+02 1.2533332418e+01 5.1100000000e-01 4.0626139103e+00 0.0000000000e+00 1.3024083665e+00 2.0174447586e+01 2.7820903616e+00
1.7800000000e-01 0.0000000000e+00 1.7085674363e+02 4.3465902167e+01 9.8899724713e+00 -1.0413992663e+02 1.2704731740e+01 5.1100000000e-01 4.1227569558e+00 0.0000000000e+00 1.3270433578e+00 2.0304346235e+01 2.8161831267e+00
1.7900000000e-01 0.0000000000e+00 1.7183994432e+02 4.3805625888e+01 1.0016517883e+01 -1.0431418139e+02 1.2877676694e+01 5.1100000000e-01 4.1833977130e+00 0.0000000000e+00 1.3520127979e+00 2.0434688944e+01 2.8505136093e+00
1.8000000000e-01 0.0000000000e+00 1.7282348517e+02 4.4146223991e+01 1.0144038163e+01 -1.0448434243e+02 1.3052175477e+01 5.1100000000e-01 4.2445351437e+00 0.0000000000e+00 1.3773197193e+00 2.0565473193e+01 2.8850824005e+00
1.8100000000e-01 0.0000000000e+00 1.7380736706e+02 4.4487680759e+01 1.0272548877e+01 -1.0465040496e+02 1.3228254499e+01 5.1100000000e-01 4.3061681614e+00 0.0000000000e+00 1.4029692207e+00 2.0696696442e+01 2.9198900929e+00
1.8200000000e-01 0.0000000000e+00 1.7479159082e+02 4.4829980500e+01 1.0402040288e+01 -1.0481236444e+02 1.3405906750e+01 5.1100000000e-01 4.3682956355e+00 0.0000000000e+00 1.4289618971e+00 2.0828356130e+01 2.9549372817e+00
1.8300000000e-01 0.0000000000e+00 1.7577615729e+02 4.5173107567e+01 1.0532519932e+01 -1.0497021662e+02 1.3585145943e+01 5.1100000000e-01 4.4309163923e+00 0.0000000000e+00 1.4553017053e+00 2.0960449686e+01 2.9902245635e+00
1.8400000000e-01 0.0000000000e+00 1.7676106730e+02 4.5517046267e+01 1.0663990625e+01 -1.0512395740e+02 1.3765975199e+01 5.1100000000e-01 4.4940292120e+00 0.0000000000e+00 1.4819907856e+00 2.1092974463e+01 3.0257525374e+00
1.8500000000e-01 0.0000000000e+00 1.7774632165e+02 4.5861780999e+01 1.0796461761e+01 -1.0527358303e+02 1.3948415749e+01 5.1100000000e-01 4.5576328336e+00 0.0000000000e+00 1.5090336451e+00 2.1225927844e+01 3.0615218044e+00
1.8600000000e-01 0.0000000000e+00 1.7873192112e+02 4.6207296079e+01 1.0929926484e+01 -1.0541908996e+02 1.4132463295e+01 5.1100000000e-01 4.6217259493e+00 0.0000000000e+00 1.5364315422e+00 2.1359307105e+01 3.0975329673e+00
1.8700000000e-01 0.0000000000e+00 1.7971786649e+02 4.6553575964e+01 1.1064396568e+01 -1.0556047485e+02 1.4318136387e+01 5.1100000000e-01 4.6863072121e+00 0.0000000000e+00 1.5641887740e+00 2.1493109589e+01 3.1337866313e+00
1.8800000000e-01 0.0000000000e+00 1.8070415853e+02 4.6900605083e+01 1.1199876969e+01 -1.0569773459e+02 1.4505447883e+01 5.1100000000e-01 4.7513752294e+00 0.0000000000e+00 1.5923086125e+00 2.1627332587e+01 3.1702834035e+00
1.8900000000e-01 0.0000000000e+00 1.8169079795e+02 4.7248367815e+01 1.1336362477e+01 -1.0583086651e+02 1.4694392171e+01 5.1100000000e-01 4.8169285673e+00 0.0000000000e+00 1.6207924211e+00 2.1761973279e+01 3.2070238932e+00
1.9000000000e-01 0.0000000000e+00 1.8267778550e+02 4.7596848703e+01 1.1473862891e+01 -1.0595986786e+02 1.4884986277e+01 5.1100000000e-01 4.8829657512e+00 0.0000000000e+00 1.6496447320e+00 2.1897028959e+01 3.2440087117e+00
1.9100000000e-01 0.0000000000e+00 1.8366512189e+02 4.7946032206e+01 1.1612381133e+01 -1.0608473641e+02 1.5077242618e+01 5.1100000000e-01 4.9494852655e+00 0.0000000000e+00 1.6788680760e+00 2.2032496784e+01 3.2812384725e+00
1.9200000000e-01 0.0000000000e+00 1.8465280780e+02 4.8295902834e+01 1.1751924507e+01 -1.0620547006e+02 1.5271172916e+01 5.1100000000e-01 5.0164855486e+00 0.0000000000e+00 1.7084665886e+00 2.2168373935e+01 3.3187137911e+00
1.9300000000e-01 0.0000000000e+00 1.8564084392e+02 4.8646445188e+01 1.1892485042e+01 -1.0632206689e+02 1.5466771471e+01 5.1100000000e-01 5.0839650034e+00 0.0000000000e+00 1.7384411170e+00 2.2304657605e+01 3.3564352853e+00
1.9400000000e-01 0.0000000000e+00 1.8662923090e+02 4.8997643798e+01 1.2034085595e+01 -1.0643452536e+02 1.5664072870e+01 5.1100000000e-01 5.1519219928e+00 0.0000000000e+00 1.7687980600e+00 2.2441344866e+01 3.3944035751e+00
1.9500000000e-01 0.0000000000e+00 1.8761796941e+02 4.9349483336e+01 1.2176708754e+01 -1.0654284404e+02 1.5863058629e+01 5.1100000000e-01 5.2203548370e+00 0.0000000000e+00 1.7995371032e+00 2.2578432890e+01 3.4326192825e+00
1.9600000000e-01 0.0000000000e+00 1.8860706008e+02 4.9701948454e+01 1.2320377830e+01 -1.0664702173e+02 1.6063766753e+01 5.1100000000e-01 5.2892618167e+00 0.0000000000e+00 1.8306647846e+00 2.2715918777e+01 3.4710830318e+00
1.9700000000e-01 0.0000000000e+00 1.8959650352e+02 5.0055023818e+01 1.2465074734e+01 -1.0674705761e+02 1.6266171267e+01 5.1100000000e-01 5.3586411755e+00 0.0000000000e+00 1.8621798975e+00 2.2853799577e+01 3.5097954495e+00
1.9800000000e-01 0.0000000000e+00 1.9058630032e+02 5.0408694140e+01 1.2610821571e+01 -1.0684295099e+02 1.6470315492e+01 5.1100000000e-01 5.4284911168e+00 0.0000000000e+00 1.8940900039e+00 2.2992072338e+01 3.5487571643e+00
1.9900000000e-01 0.0000000000e+00 1.9157645110e+02 5.0762944250e+01 1.2757617491e+01 -1.0693470135e+02 1.6676195434e+01 5.1100000000e-01 5.4988098064e+00 0.0000000000e+00 1.9263965719e+00 2.3130734167e+01 3.5879688071e+00
2.0000000000e-01 0.0000000000e+00 1.9256695640e+02 5.1117758875e+01 1.2905466934e+01 -1.0702230856e+02 1.6883826752e+01 5.1100000000e-01 5.5695953717e+00 0.0000000000e+00 1.9591031510e+00 2.3269782017e+01 3.6274310113e+00
2.0100000000e-01 0.0000000000e+00 1.9355781679e+02 5.1473122865e+01 1.3054369227e+01 -1.0710577262e+02 1.7093208216e+01 5.1100000000e-01 5.6408459021e+00 0.0000000000e+00 1.9922127051e+00 2.3409212904e+01 3.6671444121e+00
2.0200000000e-01 0.0000000000e+00 1.9454903283e+02 5.1829021182e+01 1.3204326139e+01 -1.0718509371e+02 1.7304350019e+01 5.1100000000e-01 5.7125594518e+00 0.0000000000e+00 2.0257271015e+00 2.3549023896e+01 3.7071096475e+00
2.0300000000e-01 0.0000000000e+00 1.9554060501e+02 5.2185438641e+01 1.3355349375e+01 -1.0726027240e+02 1.7517272815e+01 5.1100000000e-01 5.7847340336e+00 0.0000000000e+00 2.0596516222e+00 2.3689211875e+01 3.7473273575e+00
2.0400000000e-01 0.0000000000e+00 1.9653253387e+02 5.2542360304e+01 1.3507445951e+01 -1.0733130934e+02 1.7731988927e+01 5.1100000000e-01 5.8573676302e+00 0.0000000000e+00 2.0939904746e+00 2.3829773882e+01 3.7877981843e+00
2.0500000000e-01 0.0000000000e+00 1.9752481989e+02 5.2899771101e+01 1.3660607022e+01 -1.0739820547e+02 1.7948494143e+01 5.1100000000e-01 5.9304581812e+00 0.0000000000e+00 2.1287442421e+00 2.3970706802e+01 3.8285227728e+00
2.0600000000e-01 0.0000000000e+00 1.9851746357e+02 5.3257656142e+01 1.3814844290e+01 -1.0746096191e+02 1.8166806830e+01 5.1100000000e-01 6.0040035945e+00 0.0000000000e+00 2.1639175481e+00 2.4112007625e+01 3.8695017700e+00
2.0700000000e-01 0.0000000000e+00 1.9951046536e+02 5.3616000507e+01 1.3970156549e+01 -1.0751958007e+02 1.8386931021e+01 5.1100000000e-01 6.0780017440e+00 0.0000000000e+00 2.1995131068e+00 2.4253673241e+01 3.9107358252e+00
2.0800000000e-01 0.0000000000e+00 2.0050382572e+02 5.3974789351e+01 1.4126556631e+01 -1.0757406152e+02 1.8608889773e+01 5.1100000000e-01 6.1524504652e+00 0.0000000000e+00 2.2355359861e+00 2.4395700576e+01 3.9522255902e+00
2.0900000000e-01 0.0000000000e+00 2.0149754508e+02 5.4334007855e+01 1.4284040215e+01 -1.0762440809e+02 1.8832681661e+01 5.1100000000e-01 6.2273475584e+00 0.0000000000e+00 2.2719875945e+00 2.4538086522e+01 3.9939717193e+00
2.1000000000e-01 0.0000000000e+00 2.0249162387e+02 5.4693641267e+01 1.4442614104e+01 -1.0767062182e+02 1.9058316415e+01 5.1100000000e-01 6.3026907947e+00 0.0000000000e+00 2.3088718983e+00 2.4680827959e+01 4.0359748689e+00
2.1100000000e-01 0.0000000000e+00 2.0348606250e+02 5.5053674887e+01 1.4602280952e+01 -1.0771270494e+02 1.9285808598e+01 5.1100000000e-01 6.3784779058e+00 0.0000000000e+00 2.3461920562e+00 2.4823921779e+01 4.0782356981e+00
2.1200000000e-01 0.0000000000e+00 2.0448086135e+02 5.5414094062e+01 1.4763050624e+01 -1.0775065991e+02 1.9515174295e+01 5.1100000000e-01 6.4547065902e+00 0.0000000000e+00 2.3839536136e+00 2.4967364863e+01 4.1207548683e+00
2.1300000000e-01 0.0000000000e+00 2.0547602081e+02 5.5774884188e+01 1.4924919271e+01 -1.0778448939e+02 1.9746413056e+01 5.1100000000e-01 6.5313745196e+00 0.0000000000e+00 2.4221571724e+00 2.5111154049e+01 4.1635330433e+00
2.1400000000e-01 0.0000000000e+00 2.0647154124e+02 5.6136030655e+01 1.5087902333e+01 -1.0781419636e+02 1.9979554427e+01 5.1100000000e-01 6.6084793221e+00 0.0000000000e+00 2.4608093459e+00 2.5255286160e+01 4.2065708897e+00
2.1500000000e-01 0.0000000000e+00 2.0746742299e+02 5.6497519038e+01 1.5251986816e+01 -1.0783978384e+02 2.0214576350e+01 5.1100000000e-01 6.6860186036e+00 0.0000000000e+00 2.4999095958e+00 2.5399758091e+01 4.2498690761e+00
2.1600000000e-01 0.0000000000e+00 2.0846366638e+02 5.6859334792e+01 1.5417189995e+01 -1.0786125519e+02 2.0451518109e+01 5.1100000000e-01 6.7639899303e+00 0.0000000000e+00 2.5394642539e+00 2.5544566596e+01 4.2934282739e+00
2.1700000000e-01 0.0000000000e+00 2.0946027176e+02 5.7221463607e+01 1.5583513226e+01 -1.0787861390e+02 2.0690380437e+01 5.1100000000e-01 6.8423908403e+00 0.0000000000e+00 2.5794765477e+00 2.5689708582e+01 4.3372491571e+00
2.1800000000e-01 0.0000000000e+00 2.1045723941e+02 5.7583891072e+01 1.5750955413e+01 -1.0789186371e+02 2.0931168281e+01 5.1100000000e-01 6.9212188392e+00 0.0000000000e+00 2.6199483439e+00 2.5835180801e+01 4.3813324019e+00
2.1900000000e-01 0.0000000000e+00 2.1145456964e+02 5.7946602921e+01 1.5919537290e+01 -1.0790100857e+02 2.1173917840e+01 5.1100000000e-01 7.0004714042e+00 0.0000000000e+00 2.6608874111e+00 2.5980980071e+01 4.4256786874e+00
2.2000000000e-01 0.0000000000e+00 2.1245226271e+02 5.8309584944e+01 1.6089237132e+01 -1.0790605258e+02 2.1418597848e+01 5.1100000000e-01 7.0801459757e+00 0.0000000000e+00 2.7022917346e+00 2.6127103236e+01 4.4702886951e+00
2.2100000000e-01 0.0000000000e+00 2.1345031889e+02 5.8672822881e+01 1.6260082334e+01 -1.0790700017e+02 2.1665259805e+01 5.1100000000e-01 7.1602399673e+00 0.0000000000e+00 2.7441694351e+00 2.6273547011e+01 4.5151631091e+00
2.2200000000e-01 0.0000000000e+00 2.1444873844e+02 5.9036302720e+01 1.6432053717e+01 -1.0790385573e+02 2.1913873580e+01 5.1100000000e-01 7.2407507641e+00 0.0000000000e+00 2.7865189057e+00 2.6420308287e+01 4.5603026161e+00
2.2300000000e-01 0.0000000000e+00 2.1544752157e+02 5.9400010273e+01 1.6605185069e+01 -1.0789662416e+02 2.2164496448e+01 5.1100000000e-01 7.3216757176e+00 0.0000000000e+00 2.8293510828e+00 2.6567383736e+01 4.6057079054e+00
2.2400000000e-01 0.0000000000e+00 2.1644666852e+02 5.9763931586e+01 1.6779457609e+01 -1.0788531031e+02 2.2417108193e+01 5.1100000000e-01 7.4030121516e+00 0.0000000000e+00 2.8726639419e+00 2.6714770195e+01 4.6513796691e+00
2.2500000000e-01 0.0000000000e+00 2.1744617950e+02 6.0128052718e+01 1.6954883089e+01 -1.0786991933e+02 2.2671728050e+01 5.1100000000e-01 7.4847573619e+00 0.0000000000e+00 2.9164629168e+00 2.6862464443e+01 4.6973186017e+00
2.2600000000e-01 0.0000000000e+00 2.1844605470e+02 6.0492359783e+01 1.7131462364e+01 -1.0785045648e+02 2.2928360641e+01 5.1100000000e-01 7.5669086135e+00 0.0000000000e+00 2.9607509979e+00 2.7010463263e+01 4.7435254005e+00
2.2700000000e-01 0.0000000000e+00 2.1944629428e+02 6.0856838868e+01 1.7309205232e+01 -1.0782692744e+02 2.3187030221e+01 5.1100000000e-01 7.6494631448e+00 0.0000000000e+00 3.0055331204e+00 2.7158763341e+01 4.7900007655e+00
2.2800000000e-01 0.0000000000e+00 2.2044689843e+02 6.1221476267e+01 1.7488109969e+01 -1.0779933779e+02 2.3447736759e+01 5.1100000000e-01 7.7324181633e+00 0.0000000000e+00 3.0508114325e+00 2.7307361515e+01 4.8367453995e+00
2.2900000000e-01 0.0000000000e+00 2.2144786728e+02 6.1586258231e+01 1.7668194167e+01 -1.0776769351e+02 2.3710505361e+01 5.1100000000e-01 7.8157708521e+00 0.0000000000e+00 3.0965928471e+00 2.7456254511e+01 4.8837600078e+00
2.3000000000e-01 0.0000000000e+00 2.2244920099e+02 6.1951171090e+01 1.7849444262e+01 -1.0773200063e+02 2.3975331846e+01 5.1100000000e-01 7.8995183644e+00 0.0000000000e+00 3.1428772565e+00 2.7605439071e+01 4.9310452985e+00
2.3100000000e-01 0.0000000000e+00 2.2345089966e+02 6.2316201256e+01 1.8031877285e+01 -1.0769226545e+02 2.4242238895e+01 5.1100000000e-01 7.9836578285e+00 0.0000000000e+00 3.1896711712e+00 2.7754911955e+01 4.9786019827e+00
2.3200000000e-01 0.0000000000e+00 2.2445296342e+02 6.2681335200e+01 1.8215489582e+01 -1.0764849442e+02 2.4511225423e+01 5.1100000000e-01 8.0681863418e+00 0.0000000000e+00 3.2369762251e+00 2.7904669934e+01 5.0264307739e+00
2.3300000000e-01 0.0000000000e+00 2.2545539236e+02 6.3046559417e+01 1.8400293474e+01 -1.0760069421e+02 2.4782319401e+01 5.1100000000e-01 8.1531009799e+00 0.0000000000e+00 3.2847984221e+00 2.8054709718e+01 5.0745323888e+00
2.3400000000e-01 0.0000000000e+00 2.2645818657e+02 6.3411860489e+01 1.8586284657e+01 -1.0754887163e+02 2.5055514413e+01 5.1100000000e-01 8.2383987887e+00 0.0000000000e+00 3.3331395176e+00 2.8205028058e+01 5.1229075465e+00
2.3500000000e-01 0.0000000000e+00 2.2746134611e+02 6.3777225102e+01 1.8773473971e+01 -1.0749303372e+02 2.5330838862e+01 5.1100000000e-01 8.3240767906e+00 0.0000000000e+00 3.3820048898e+00 2.8355621738e+01 5.1715569693e+00
2.3600000000e-01 0.0000000000e+00 2.2846487103e+02 6.4142639890e+01 1.8961870503e+01 -1.0743318760e+02 2.5608306019e+01 5.1100000000e-01 8.4101319799e+00 0.0000000000e+00 3.4313996124e+00 2.8506487433e+01 5.2204813821e+00
2.3700000000e-01 0.0000000000e+00 2.2946876140e+02 6.4508091682e+01 1.9151466375e+01 -1.0736934069e+02 2.5887907593e+01 5.1100000000e-01 8.4965613289e+00 0.0000000000e+00 3.4813239148e+00 2.8657621940e+01 5.2696815128e+00
2.3800000000e-01 0.0000000000e+00 2.3047301723e+02 6.4873567267e+01 1.9342266628e+01 -1.0730150048e+02 2.6169659273e+01 5.1100000000e-01 8.5833617832e+00 0.0000000000e+00 3.5317831031e+00 2.8809021960e+01 5.3191580921e+00
2.3900000000e-01 0.0000000000e+00 2.3147763854e+02 6.5239053569e+01 1.9534287829e+01 -1.0722967467e+02 2.6453591933e+01 5.1100000000e-01 8.6705302643e+00 0.0000000000e+00 3.5827829529e+00 2.8960684262e+01 5.3689118537e+00
2.4000000000e-01 0.0000000000e+00 2.3248262533e+02 6.5604537486e+01 1.9727527786e+01 -1.0715387125e+02 2.6739705063e+01 5.1100000000e-01 8.7580636666e+00 0.0000000000e+00 3.6343263722e+00 2.9112605541e+01 5.4189435342e+00
2.4100000000e-01 0.0000000000e+00 2.3348797760e+02 6.5970006092e+01 1.9921992018e+01 -1.0707409815e+02 2.7028013212e+01 5.1100000000e-01 8.8459588634e+00 0.0000000000e+00 3.6864170521e+00 2.9264782592e+01 5.4692538731e+00
2.4200000000e-01 0.0000000000e+00 2.3449369534e+02 6.6335446454e+01 2.0117687306e+01 -1.0699036364e+02 2.7318531673e+01 5.1100000000e-01 8.9342127061e+00 0.0000000000e+00 3.7390599240e+00 2.9417212131e+01 5.5198436128e+00
2.4300000000e-01 0.0000000000e+00 2.3549977848e+02 6.6700845698e+01 2.0314604348e+01 -1.0690267611e+02 2.7611250604e+01 5.1100000000e-01 9.0228220199e+00 0.0000000000e+00 3.7922556749e+00 2.9569890883e+01 5.5707134990e+00
2.4400000000e-01 0.0000000000e+00 2.3650622701e+02 6.7066191042e+01 2.0512764601e+01 -1.0681104407e+02 2.7906210625e+01 5.1100000000e-01 9.1117836054e+00 0.0000000000e+00 3.8460121718e+00 2.9722815610e+01 5.6218642799e+00
2.4500000000e-01 0.0000000000e+00 2.3751304085e+02 6.7431469748e+01 2.0712169037e+01 -1.0671547631e+02 2.8203412178e+01 5.1100000000e-01 9.2010942425e+00 0.0000000000e+00 3.9003324808e+00 2.9875983044e+01 5.6732967072e+00
2.4600000000e-01 0.0000000000e+00 2.3852021992e+02 6.7796669162e+01 2.0912824236e+01 -1.0661598163e+02 2.8502875799e+01 5.1100000000e-01 9.2907506918e+00 0.0000000000e+00 3.9552220437e+00 3.0029389927e+01 5.7250115354e+00
2.4700000000e-01 0.0000000000e+00 2.3952776415e+02 6.8161776671e+01 2.1114717745e+01 -1.0651256912e+02 2.8804587023e+01 5.1100000000e-01 9.3807496863e+00 0.0000000000e+00 4.0106795291e+00 3.0183033002e+01 5.7770095220e+00
2.4800000000e-01 0.0000000000e+00 2.4053567344e+02 6.8526779740e+01 2.1317874886e+01 -1.0640524797e+02 2.9108588012e+01 5.1100000000e-01 9.4710879377e+00 0.0000000000e+00 4.0667144680e+00 3.0336909024e+01 5.8292914279e+00
2.4900000000e-01 0.0000000000e+00 2.4154394767e+02 6.8891665924e+01 2.1522300688e+01 -1.0629402748e+02 2.9414890368e+01 5.1100000000e-01 9.5617621411e+00 0.0000000000e+00 4.1233319005e+00 3.0491014755e+01 5.8818580167e+00
2.5000000000e-01 0.0000000000e+00 2.4255258673e+02 6.9256422778e+01 2.1727988587e+01 -1.0617891722e+02 2.9723492204e+01 5.1100000000e-01 9.6527689653e+00 0.0000000000e+00 4.1805320956e+00 3.0645346917e+01 5.9347100554e+00
2.5100000000e-01 0.0000000000e+00 2.4356159047e+02 6.9621037970e+01 2.1934942562e+01 -1.0605992683e+02 3.0034409834e+01 5.1100000000e-01 9.7441050616e+00 0.0000000000e+00 4.2383198717e+00 3.0799902266e+01 5.9878483140e+00
2.5200000000e-01 0.0000000000e+00 2.4457095875e+02 6.9985499236e+01 2.2143169719e+01 -1.0593706611e+02 3.0347646275e+01 5.1100000000e-01 9.8357670546e+00 0.0000000000e+00 4.2966998357e+00 3.0954677591e+01 6.0412735657e+00
2.5300000000e-01 0.0000000000e+00 2.4558069142e+02 7.0349794376e+01 2.2352679508e+01 -1.0581034501e+02 3.0663235161e+01 5.1100000000e-01 9.9277515583e+00 0.0000000000e+00 4.3556766095e+00 3.1109669639e+01 6.0949865870e+00
2.5400000000e-01 0.0000000000e+00 2.4659078828e+02 7.0713911169e+01 2.2563484799e+01 -1.0567977373e+02 3.0981189354e+01 5.1100000000e-01 1.0020055156e+01 0.0000000000e+00 4.4152571324e+00 3.1264875120e+01 6.1489881575e+00
2.5500000000e-01 0.0000000000e+00 2.4760124917e+02 7.1077837627e+01 2.2775570942e+01 -1.0554536244e+02 3.1301498425e+01 5.1100000000e-01 1.0112674421e+01 0.0000000000e+00 4.4754409977e+00 3.1420290878e+01 6.2032790600e+00
2.5600000000e-01 0.0000000000e+00 2.4861207389e+02 7.1441561664e+01 2.2988959405e+01 -1.0540712159e+02 3.1624199188e+01 5.1100000000e-01 1.0205605898e+01 0.0000000000e+00 4.5362365536e+00 3.1575913626e+01 6.2578600805e+00
2.5700000000e-01 0.0000000000e+00 2.4962326223e+02 7.1805071383e+01 2.3203631311e+01 -1.0526506168e+02 3.1949270912e+01 5.1100000000e-01 1.0298846120e+01 0.0000000000e+00 4.5976408445e+00 3.1731740178e+01 6.3127320085e+00
2.5800000000e-01 0.0000000000e+00 2.5063481396e+02 7.2168354857e+01 2.3419620222e+01 -1.0511919345e+02 3.2276770047e+01 5.1100000000e-01 1.0392391595e+01 0.0000000000e+00 4.6596675789e+00 3.1887767278e+01 6.3678956365e+00
2.5900000000e-01 0.0000000000e+00 2.5164672885e+02 7.2531400266e+01 2.3636929972e+01 -1.0496952772e+02 3.2606701810e+01 5.1100000000e-01 1.0486238817e+01 0.0000000000e+00 4.7223200885e+00 3.2043991704e+01 6.4233517606e+00
2.6000000000e-01 0.0000000000e+00 2.5265900667e+02 7.2894195893e+01 2.3855540991e+01 -1.0481607543e+02 3.2939045722e+01 5.1100000000e-01 1.0580384259e+01 0.0000000000e+00 4.7855954133e+00 3.2200410282e+01 6.4791011800e+00
2.6100000000e-01 0.0000000000e+00 2.5367164716e+02 7.3256730028e+01 2.4075473410e+01 -1.0465884772e+02 3.3273842339e+01 5.1100000000e-01 1.0674824378e+01 0.0000000000e+00 4.8495026917e+00 3.2357019766e+01 6.5351446973e+00
2.6200000000e-01 0.0000000000e+00 2.5468465005e+02 7.3618991047e+01 2.4296730813e+01 -1.0449785583e+02 3.3611094713e+01 5.1100000000e-01 1.0769555609e+01 0.0000000000e+00 4.9140466660e+00 3.2513816968e+01 6.5914831186e+00
2.6300000000e-01 0.0000000000e+00 2.5569801505e+02 7.3980967387e+01 2.4519323263e+01 -1.0433311114e+02 3.3950828093e+01 5.1100000000e-01 1.0864574373e+01 0.0000000000e+00 4.9792316237e+00 3.2670798668e+01 6.6481172533e+00
2.6400000000e-01 0.0000000000e+00 2.5671174188e+02 7.4342647551e+01 2.4743252199e+01 -1.0416462515e+02 3.4293050635e+01 5.1100000000e-01 1.0959877076e+01 0.0000000000e+00 5.0450618631e+00 3.2827961659e+01 6.7050479143e+00
2.6500000000e-01 0.0000000000e+00 2.5772583024e+02 7.4704020142e+01 2.4968523655e+01 -1.0399240949e+02 3.4637774290e+01 5.1100000000e-01 1.1055460100e+01 0.0000000000e+00 5.1115419286e+00 3.2985302784e+01 6.7622759177e+00
2.6600000000e-01 0.0000000000e+00 2.5874027982e+02 7.5065073803e+01 2.5195133325e+01 -1.0381647593e+02 3.4985004612e+01 5.1100000000e-01 1.1151319814e+01 0.0000000000e+00 5.1786747249e+00 3.3142818863e+01 6.8198020834e+00
2.6700000000e-01 0.0000000000e+00 2.5975509028e+02 7.5425797193e+01 2.5423089192e+01 -1.0363683640e+02 3.5334751465e+01 5.1100000000e-01 1.1247452574e+01 0.0000000000e+00 5.2464650477e+00 3.3300506655e+01 6.8776272346e+00
2.6800000000e-01 0.0000000000e+00 2.6077026129e+02 7.5786179122e+01 2.5652417872e+01 -1.0345350290e+02 3.5687066241e+01 5.1100000000e-01 1.1343854714e+01 0.0000000000e+00 5.3149222095e+00 3.3458363026e+01 6.9357521981e+00
2.6900000000e-01 0.0000000000e+00 2.6178579252e+02 7.6146208461e+01 2.5883097168e+01 -1.0326648754e+02 3.6041918148e+01 5.1100000000e-01 1.1440522555e+01 0.0000000000e+00 5.3840446504e+00 3.3616384837e+01 6.9941778041e+00
2.7000000000e-01 0.0000000000e+00 2.6280168359e+02 7.6505874038e+01 2.6115150905e+01 -1.0307580268e+02 3.6399351356e+01 5.1100000000e-01 1.1537452401e+01 0.0000000000e+00 5.4538412418e+00 3.3774568850e+01 7.0529048865e+00
2.7100000000e-01 0.0000000000e+00 2.6381793414e+02 7.6865164876e+01 2.6348576907e+01 -1.0288146064e+02 3.6759364902e+01 5.1100000000e-01 1.1634640542e+01 0.0000000000e+00 5.5243151799e+00 3.3932911953e+01 7.1119342827e+00
2.7200000000e-01 0.0000000000e+00 2.6483454379e+02 7.7224070002e+01 2.6583373928e+01 -1.0268347395e+02 3.7121970361e+01 5.1100000000e-01 1.1732083253e+01 0.0000000000e+00 5.5954694232e+00 3.4091410984e+01 7.1712668339e+00
2.7300000000e-01 0.0000000000e+00 2.6585151215e+02 7.7582578534e+01 2.6819559870e+01 -1.0248185523e+02 3.7487193889e+01 5.1100000000e-01 1.1829776792e+01 0.0000000000e+00 5.6673129111e+00 3.4250062811e+01 7.2309033845e+00
2.7400000000e-01 0.0000000000e+00 2.6686883881e+02 7.7940679623e+01 2.7057132948e+01 -1.0227661725e+02 3.7855039607e+01 5.1100000000e-01 1.1927717404e+01 0.0000000000e+00 5.7398455179e+00 3.4408864278e+01 7.2908447830e+00
2.7500000000e-01 0.0000000000e+00 2.6788652337e+02 7.8298362506e+01 2.7296095207e+01 -1.0206777286e+02 3.8225518714e+01 5.1100000000e-01 1.2025901322e+01 0.0000000000e+00 5.8130728580e+00 3.4567812245e+01 7.3510918814e+00
2.7600000000e-01 0.0000000000e+00 2.6890456539e+02 7.8655616475e+01 2.7536462975e+01 -1.0185533504e+02 3.8598655688e+01 5.1100000000e-01 1.2124324757e+01 0.0000000000e+00 5.8870034526e+00 3.4726903586e+01 7.4116455354e+00
2.7700000000e-01 0.0000000000e+00 2.6992296445e+02 7.9012430926e+01 2.7778231379e+01 -1.0163931684e+02 3.8974457448e+01 5.1100000000e-01 1.2222983916e+01 0.0000000000e+00 5.9616388718e+00 3.4886135201e+01 7.4725066044e+00
2.7800000000e-01 0.0000000000e+00 2.7094172011e+02 7.9368795295e+01 2.8021408102e+01 -1.0141973151e+02 3.9352943242e+01 5.1100000000e-01 1.2321874986e+01 0.0000000000e+00 6.0369842968e+00 3.5045503980e+01 7.5336759515e+00
2.7900000000e-01 0.0000000000e+00 2.7196083189e+02 7.9724699045e+01 2.8266016672e+01 -1.0119659233e+02 3.9734142654e+01 5.1100000000e-01 1.2420994141e+01 0.0000000000e+00 6.1130500063e+00 3.5205006782e+01 7.5951544438e+00
2.8000000000e-01 0.0000000000e+00 2.7298029935e+02 8.0080131753e+01 2.8512023108e+01 -1.0096991271e+02 4.0118021371e+01 5.1100000000e-01 1.2520337546e+01 0.0000000000e+00 6.1898279059e+00 3.5364640518e+01 7.6569429521e+00
2.8100000000e-01 0.0000000000e+00 2.7400012200e+02 8.0435083076e+01 2.8759474774e+01 -1.0073970613e+02 4.0504649777e+01 5.1100000000e-01 1.2619901349e+01 0.0000000000e+00 6.2673372641e+00 3.5524402120e+01 7.7190423509e+00
2.8200000000e-01 0.0000000000e+00 2.7502029935e+02 8.0789542685e+01 2.9008352309e+01 -1.0050598631e+02 4.0894011748e+01 5.1100000000e-01 1.2719681687e+01 0.0000000000e+00 6.3455748380e+00 3.5684288475e+01 7.7814535186e+00
2.8300000000e-01 0.0000000000e+00 2.7604083091e+02 8.1143500345e+01 2.9258673210e+01 -1.0026876690e+02 4.1286135277e+01 5.1100000000e-01 1.2819674685e+01 0.0000000000e+00 6.4245487947e+00 3.5844296512e+01 7.8441773377e+00
2.8400000000e-01 0.0000000000e+00 2.7706171618e+02 8.1496945898e+01 2.9510444237e+01 -1.0002806174e+02 4.1681034763e+01 5.1100000000e-01 1.2919876457e+01 0.0000000000e+00 6.5042646507e+00 3.6004423162e+01 7.9072146943e+00
2.8500000000e-01 0.0000000000e+00 2.7808295463e+02 8.1849869238e+01 2.9763659182e+01 -9.9783884771e+01 4.2078714214e+01 5.1100000000e-01 1.3020283100e+01 0.0000000000e+00 6.5847242696e+00 3.6164665379e+01 7.9705664786e+00
2.8600000000e-01 0.0000000000e+00 2.7910454573e+02 8.2202260280e+01 3.0018329446e+01 -9.9536249999e+01 4.2479188341e+01 5.1100000000e-01 1.3120890706e+01 0.0000000000e+00 6.6659348966e+00 3.6325020050e+01 8.0342335847e+00
2.8700000000e-01 0.0000000000e+00 2.8012648897e+02 8.2554109143e+01 3.0274464574e+01 -9.9285171551e+01 4.2882487416e+01 5.1100000000e-01 1.3221695352e+01 0.0000000000e+00 6.7479003682e+00 3.6485484222e+01 8.0982169107e+00
2.8800000000e-01 0.0000000000e+00 2.8114878378e+02 8.2905405847e+01 3.0532054876e+01 -9.9030663644e+01 4.3288597713e+01 5.1100000000e-01 1.3322693104e+01 0.0000000000e+00 6.8306235418e+00 3.6646054790e+01 8.1625173588e+00
2.8900000000e-01 0.0000000000e+00 2.8217142959e+02 8.3256140527e+01 3.0791137071e+01 -9.8772740580e+01 4.3697580871e+01 5.1100000000e-01 1.3423880018e+01 0.0000000000e+00 6.9141178636e+00 3.6806728700e+01 8.2271358351e+00
2.9000000000e-01 0.0000000000e+00 2.8319442587e+02 8.3606303471e+01 3.1051676290e+01 -9.8511416778e+01 4.4109391183e+01 5.1100000000e-01 1.3525252139e+01 0.0000000000e+00 6.9983768641e+00 3.6967502990e+01 8.2920732499e+00
2.9100000000e-01 0.0000000000e+00 2.8421777201e+02 8.3955884927e+01 3.1313725846e+01 -9.8246706730e+01 4.4524114510e+01 5.1100000000e-01 1.3626805502e+01 0.0000000000e+00 7.0834194644e+00 3.7128374610e+01 8.3573305173e+00
2.9200000000e-01 0.0000000000e+00 2.8524146744e+02 8.4304875247e+01 3.1577248276e+01 -9.7978625022e+01 4.4941704708e+01 5.1100000000e-01 1.3728536131e+01 0.0000000000e+00 7.1692382012e+00 3.7289340551e+01 8.4229085560e+00
2.9300000000e-01 0.0000000000e+00 2.8626551156e+02 8.4653264858e+01 3.1842293541e+01 -9.7707186296e+01 4.5362235844e+01 5.1100000000e-01 1.3830440043e+01 0.0000000000e+00 7.2558515773e+00 3.7450397816e+01 8.4888082883e+00
2.9400000000e-01 0.0000000000e+00 2.8728990377e+02 8.5001044237e+01 3.2108820858e+01 -9.7432405315e+01 4.5785661977e+01 5.1100000000e-01 1.3932513239e+01 0.0000000000e+00 7.3432491344e+00 3.7611543424e+01 8.5550306412e+00
2.9500000000e-01 0.0000000000e+00 2.8831464344e+02 8.5348203918e+01 3.2376851226e+01 -9.7154296965e+01 4.6212018059e+01 5.1100000000e-01 1.4034751717e+01 0.0000000000e+00 7.4314432131e+00 3.7772774369e+01 8.6215765456e+00
2.9600000000e-01 0.0000000000e+00 2.8933972997e+02 8.5694734556e+01 3.2646414957e+01 -9.6872876077e+01 4.6641351908e+01 5.1100000000e-01 1.4137151463e+01 0.0000000000e+00 7.5204462134e+00 3.7934087720e+01 8.6884469367e+00
2.9700000000e-01 0.0000000000e+00 2.9036516270e+02 8.6040626773e+01 3.2917487964e+01 -9.6588157764e+01 4.7073636435e+01 5.1100000000e-01 1.4239708454e+01 0.0000000000e+00 7.6102516238e+00 3.8095480464e+01 8.7556427538e+00
2.9800000000e-01 0.0000000000e+00 2.9139094100e+02 8.6385871322e+01 3.3190091614e+01 -9.6300157079e+01 4.7508912777e+01 5.1100000000e-01 1.4342418656e+01 0.0000000000e+00 7.7008733699e+00 3.8256949659e+01 8.8231649408e+00
2.9900000000e-01 0.0000000000e+00 2.9241706422e+02 8.6730459046e+01 3.3464229126e+01 -9.6008889145e+01 4.7947195660e+01 5.1100000000e-01 1.4445278033e+01 0.0000000000e+00 7.7923124242e+00 3.8418492379e+01 8.8910144458e+00
3.0000000000e-01 0.0000000000e+00 2.9344353169e+02 8.7074380756e+01 3.3739915829e+01 -9.5714369269e+01 4.8388500342e+01 5.1100000000e-01 1.4548282533e+01 0.0000000000e+00 7.8845792743e+00 3.8580105645e+01 8.9591922211e+00
3.0100000000e-01 0.0000000000e+00 2.9447034276e+02 8.7417627443e+01 3.4017144669e+01 -9.5416612714e+01 4.8832838261e+01 5.1100000000e-01 1.4651428104e+01 0.0000000000e+00 7.9776754095e+00 3.8741786567e+01 9.0276992235e+00
3.0200000000e-01 0.0000000000e+00 2.9549749673e+02 8.7760190080e+01 3.4295911653e+01 -9.5115634934e+01 4.9280205187e+01 5.1100000000e-01 1.4754710677e+01 0.0000000000e+00 8.0716018039e+00 3.8903532209e+01 9.0965364142e+00
3.0300000000e-01 0.0000000000e+00 2.9652499291e+02 8.8102059701e+01 3.4576246035e+01 -9.4811451346e+01 4.9730645007e+01 5.1100000000e-01 1.4858126181e+01 0.0000000000e+00 8.1663715120e+00 3.9065339630e+01 9.1657047589e+00
3.0400000000e-01 0.0000000000e+00 2.9755283061e+02 8.8443227456e+01 3.4858165030e+01 -9.4504077547e+01 5.0184199534e+01 5.1100000000e-01 1.4961670539e+01 0.0000000000e+00 8.2619951245e+00 3.9227205947e+01 9.2352052276e+00
3.0500000000e-01 0.0000000000e+00 2.9858100913e+02 8.8783684563e+01 3.5141646219e+01 -9.4193529096e+01 5.0640842681e+01 5.1100000000e-01 1.5065339666e+01 0.0000000000e+00 8.3584676046e+00 3.9389128282e+01 9.3050387951e+00
3.0600000000e-01 0.0000000000e+00 2.9960952774e+02 8.9123422220e+01 3.5426691310e+01 -9.3879821728e+01 5.1100574708e+01 5.1100000000e-01 1.5169129462e+01 0.0000000000e+00 8.4557934829e+00 3.9551103718e+01 9.3752064403e+00
3.0700000000e-01 0.0000000000e+00 3.0063838573e+02 8.9462431789e+01 3.5713336300e+01 -9.3562971156e+01 5.1563462998e+01 5.1100000000e-01 1.5273035830e+01 0.0000000000e+00 8.5539876917e+00 3.9713129412e+01 9.4457091470e+00
3.0800000000e-01 0.0000000000e+00 3.0166758235e+02 8.9800704603e+01 3.6001569878e+01 -9.3242993254e+01 5.2029504018e+01 5.1100000000e-01 1.5377054664e+01 0.0000000000e+00 8.6530510137e+00 3.9875202447e+01 9.5165479034e+00
3.0900000000e-01 0.0000000000e+00 3.0269711689e+02 9.0138232169e+01 3.6291392257e+01 -9.2919903809e+01 5.2498679226e+01 5.1100000000e-01 1.5481181853e+01 0.0000000000e+00 8.7529852322e+00 4.0037320024e+01 9.5877237026e+00
3.1000000000e-01 0.0000000000e+00 3.0372698857e+02 9.0475005937e+01 3.6582840719e+01 -9.2593718885e+01 5.2971079841e+01 5.1100000000e-01 1.5585413273e+01 0.0000000000e+00 8.8538099469e+00 4.0199479251e+01 9.6592375419e+00
3.1100000000e-01 0.0000000000e+00 3.0475719664e+02 9.0811017509e+01 3.6875877858e+01 -9.2264454406e+01 5.3446649926e+01 5.1100000000e-01 1.5689744802e+01 0.0000000000e+00 8.9555116980e+00 4.0361677309e+01 9.7310904238e+00
3.1200000000e-01 0.0000000000e+00 3.0578774034e+02 9.1146258479e+01 3.7170551578e+01 -9.1932126527e+01 5.3925457299e+01 5.1100000000e-01 1.5794172305e+01 0.0000000000e+00 9.0581131936e+00 4.0523911349e+01 9.8032833551e+00
3.1300000000e-01 0.0000000000e+00 3.0681861890e+02 9.1480720619e+01 3.7466834164e+01 -9.1596751266e+01 5.4407474210e+01 5.1100000000e-01 1.5898691652e+01 0.0000000000e+00 9.1616091187e+00 4.0686178599e+01 9.8758173476e+00
3.1400000000e-01 0.0000000000e+00 3.0784983153e+02 9.1814395610e+01 3.7764768668e+01 -9.1258344932e+01 5.4892781524e+01 5.1100000000e-01 1.6003298696e+01 0.0000000000e+00 9.2660151100e+00 4.0848476196e+01 9.9486934177e+00
3.1500000000e-01 0.0000000000e+00 3.0888137743e+02 9.2147275310e+01 3.8064313158e+01 -9.0916923713e+01 5.5381305712e+01 5.1100000000e-01 1.6107989296e+01 0.0000000000e+00 9.3713237889e+00 4.1010801355e+01 1.0021912587e+01
3.1600000000e-01 0.0000000000e+00 3.0991325581e+02 9.2479351586e+01 3.8365524927e+01 -9.0572503951e+01 5.5873153502e+01 5.1100000000e-01 1.6212759296e+01 0.0000000000e+00 9.4775554554e+00 4.1173151283e+01 1.0095475881e+01
3.1700000000e-01 0.0000000000e+00 3.1094546586e+02 9.2810616403e+01 3.8668378054e+01 -9.0225101969e+01 5.6368287267e+01 5.1100000000e-01 1.6317604542e+01 0.0000000000e+00 9.5847063252e+00 4.1335523211e+01 1.0169384332e+01
3.1800000000e-01 0.0000000000e+00 3.1197800677e+02 9.3141061754e+01 3.8972912527e+01 -8.9874734219e+01 5.6866772484e+01 5.1100000000e-01 1.6422520871e+01 0.0000000000e+00 9.6927942091e+00 4.1497914360e+01 1.0243638974e+01
3.1900000000e-01 0.0000000000e+00 3.1301087771e+02 9.3470679728e+01 3.9279091506e+01 -8.9521417137e+01 5.7368567035e+01 5.1100000000e-01 1.6527504120e+01 0.0000000000e+00 9.8018086247e+00 4.1660321985e+01 1.0318240850e+01
3.2000000000e-01 0.0000000000e+00 3.1404407785e+02 9.3799462404e+01 3.9586937818e+01 -8.9165167304e+01 5.7873700610e+01 5.1100000000e-01 1.6632550123e+01 0.0000000000e+00 9.9117643233e+00 4.1822743269e+01 1.0393191005e+01
