# n,  x, eps, mun, mun_std, mup, mup_std,  mue, P, P_e, P_std, E, E_std
0.0000000000e+00 0.0000000000e+00 0.0000000000e+00 nan nan nan nan 5.1100000000e-01 nan 0.0000000000e+00 nan 9.2741381892e-07 0.0000000000e+00
1.0000000000e-03 0.0000000000e+00 9.4033970058e-01 1.2854437187e+00 2.4954751729e-05 -2.4274632870e+00 2.6881381582e-05 5.1100000000e-01 5.1074313567e-04 0.0000000000e+00 1.7534651742e-08 7.7470058305e-01 7.4544301571e-06
2.0000000000e-03 0.0000000000e+00 1.8814996379e+00 1.8653175149e+00 1.2646938152e-04 -4.2952824131e+00 1.3614051888e-04 5.1100000000e-01 1.3609971246e-03 0.0000000000e+00 1.7811886626e-07 1.1848189526e+00 3.7683922726e-05
3.0000000000e-03 0.0000000000e+00 2.8231553912e+00 2.3029278894e+00 3.2727093561e-04 -6.2396784481e+00 3.5212263260e-04 5.1100000000e-01 2.4483924204e-03 0.0000000000e+00 6.9264630367e-07 1.4867970826e+00 9.7311603857e-05
4.0000000000e-03 0.0000000000e+00 3.7652173814e+00 2.6846593752e+00 6.4306964466e-04 -8.1170891892e+00 6.9163580140e-04 5.1100000000e-01 3.7812561506e-03 0.0000000000e+00 1.8175970297e-06 1.7393453375e+00 1.9085387504e-04
5.0000000000e-03 0.0000000000e+00 4.7076447143e+00 3.0359432106e+00 1.0865851065e-03 -9.8901638559e+00 1.1682899319e-03 5.1100000000e-01 5.3600018026e-03 0.0000000000e+00 3.8445729522e-06 1.9639428501e+00 3.2192835137e-04
6.0000000000e-03 0.0000000000e+00 5.6504121902e+00 3.3658356395e+00 1.6687695383e-03 -1.1553873954e+01 1.7938134708e-03 5.1100000000e-01 7.1728236381e-03 0.0000000000e+00 7.0949730848e-06 2.1703650331e+00 4.9362056769e-04
7.0000000000e-03 0.0000000000e+00 6.5935004808e+00 3.6779572308e+00 2.3993795597e-03 -1.3114288400e+01 2.5786693723e-03 5.1100000000e-01 9.2002198409e-03 0.0000000000e+00 1.1916609764e-05 2.3636401106e+00 7.0865652931e-04
8.0000000000e-03 0.0000000000e+00 7.5368927549e+00 3.9740106772e+00 3.2873003745e-03 -1.4581052372e+01 3.5324023789e-03 5.1100000000e-01 1.1419330554e-02 0.0000000000e+00 1.8681341579e-05 2.5465943579e+00 9.6949994547e-04
9.0000000000e-03 0.0000000000e+00 8.4805735003e+00 4.2550540862e+00 4.3407576487e-03 -1.5964450685e+01 4.6638679205e-03 5.1100000000e-01 1.3806986476e-02 0.0000000000e+00 2.7783374340e-05 2.7209444778e+00 1.2784132020e-03
1.0000000000e-02 0.0000000000e+00 9.4245281560e+00 4.5219766060e+00 5.5674380377e-03 -1.7274240128e+01 5.9813609386e-03 5.1100000000e-01 1.6341610097e-02 0.0000000000e+00 3.9637769946e-05 2.8878155963e+00 1.6374984513e-03
1.1000000000e-02 0.0000000000e+00 1.0368743042e+01 4.7756651481e+00 6.9746009893e-03 -1.8519223115e+01 7.4927360910e-03 5.1100000000e-01 1.9004274966e-02 0.0000000000e+00 5.4679472319e-05 3.0480037876e+00 2.0487267880e-03
1.2000000000e-02 0.0000000000e+00 1.1313205384e+01 5.0170476945e+00 8.5691441138e-03 -1.9707144334e+01 9.2054761343e-03 5.1100000000e-01 2.1779188479e-02 0.0000000000e+00 7.3362312585e-05 3.2021153213e+00 2.5139598047e-03
1.3000000000e-02 0.0000000000e+00 1.2257903356e+01 5.2470887315e+00 1.0357652869e-02 -2.0844727508e+01 1.1126745428e-02 5.1100000000e-01 2.4653797138e-02 0.0000000000e+00 9.6158200805e-05 3.3506427978e+00 3.0349660255e-03
1.4000000000e-02 0.0000000000e+00 1.3202826108e+01 5.4667687229e+00 1.2346466422e-02 -2.1937768409e+01 1.3263467997e-02 5.1100000000e-01 2.7618654435e-02 0.0000000000e+00 1.2355678835e-04 3.4940076918e+00 3.6134337558e-03
1.5000000000e-02 0.0000000000e+00 1.4147963765e+01 5.6770609427e+00 1.4541668380e-02 -2.2991245386e+01 1.5622302083e-02 5.1100000000e-01 3.0667149284e-02 0.0000000000e+00 1.5606431967e-04 3.6325843238e+00 4.2509813440e-03
1.6000000000e-02 0.0000000000e+00 1.5093307416e+01 5.8789111012e+00 1.6949164728e-02 -2.4009429060e+01 1.8209740513e-02 5.1100000000e-01 3.3795161562e-02 0.0000000000e+00 1.9420378311e-04 3.7667135036e+00 4.9491655207e-03
1.7000000000e-02 0.0000000000e+00 1.6038849074e+01 6.0732213502e+00 1.9574673308e-02 -2.4995983728e+01 2.1032089352e-02 5.1100000000e-01 3.7000688558e-02 0.0000000000e+00 2.3851411205e-04 3.8967102586e+00 5.7094882800e-03
1.8000000000e-02 0.0000000000e+00 1.6984581629e+01 6.2608389491e+00 2.2423739381e-02 -2.5954057209e+01 2.4095482470e-02 5.1100000000e-01 4.0283472533e-02 0.0000000000e+00 2.8954965692e-04 4.0228682529e+00 6.5334026318e-03
1.9000000000e-02 0.0000000000e+00 1.7930498784e+01 6.4425489563e+00 2.5501800123e-02 -2.6886358963e+01 2.7405957685e-02 5.1100000000e-01 4.3644646300e-02 0.0000000000e+00 3.4788061404e-04 4.1454623090e+00 7.4223174643e-03
2.0000000000e-02 0.0000000000e+00 1.8876594998e+01 6.6190703682e+00 2.8814123681e-02 -2.7795227007e+01 3.0969390006e-02 5.1100000000e-01 4.7086409633e-02 0.0000000000e+00 4.1409158856e-04 4.2647498865e+00 8.3776016969e-03
2.1000000000e-02 0.0000000000e+00 1.9822865413e+01 6.7910549232e+00 3.2365870018e-02 -2.8682684798e+01 3.4791548251e-02 5.1100000000e-01 5.0611740359e-02 0.0000000000e+00 4.8878205868e-04 4.3809720489e+00 9.4005878577e-03
2.2000000000e-02 0.0000000000e+00 2.0769305791e+01 6.9590879495e+00 3.6162132974e-02 -2.9550489311e+01 3.8878165180e-02 5.1100000000e-01 5.4224143814e-02 0.0000000000e+00 5.7256661990e-04 4.4943541398e+00 1.0492575191e-02
2.3000000000e-02 0.0000000000e+00 2.1715912446e+01 7.1236907547e+00 4.0207839976e-02 -3.0400171483e+01 4.3234792499e-02 5.1100000000e-01 5.7927441188e-02 0.0000000000e+00 6.6607292790e-04 4.6051063552e+00 1.1654832372e-02
2.4000000000e-02 0.0000000000e+00 2.2662682183e+01 7.2853239757e+00 4.4507888541e-02 -3.1233070376e+01 4.7866974666e-02 5.1100000000e-01 6.1725592042e-02 0.0000000000e+00 7.6994389951e-04 4.7134243073e+00 1.2888599904e-02
2.5000000000e-02 0.0000000000e+00 2.3609612239e+01 7.4443917354e+00 4.9067048782e-02 -3.2050361693e+01 5.2780140722e-02 5.1100000000e-01 6.5622553903e-02 0.0000000000e+00 8.8483532469e-04 4.8194895792e+00 1.4195092231e-02
2.6000000000e-02 0.0000000000e+00 2.4556700230e+01 7.6012461686e+00 5.3890015666e-02 -3.2853081814e+01 5.7979642194e-02 5.1100000000e-01 6.9622170790e-02 0.0000000000e+00 1.0114169000e-03 4.9234703690e+00 1.5575499625e-02
2.7000000000e-02 0.0000000000e+00 2.5503944096e+01 7.7561920918e+00 5.8981477145e-02 -3.3642147979e+01 6.3470850398e-02 5.1100000000e-01 7.3728090254e-02 0.0000000000e+00 1.1503728887e-03 5.0255220824e+00 1.7030989874e-02
2.8000000000e-02 0.0000000000e+00 2.6451342065e+01 7.9094918013e+00 6.4346004621e-02 -3.4418375215e+01 6.9259037037e-02 5.1100000000e-01 7.7943704942e-02 0.0000000000e+00 1.3024001957e-03 5.1257880534e+00 1.8562709795e-02
2.9000000000e-02 0.0000000000e+00 2.7398892606e+01 8.0613697287e+00 6.9988049284e-02 -3.5182490556e+01 7.5349346972e-02 5.1100000000e-01 8.2272115722e-02 0.0000000000e+00 1.4682073645e-03 5.2244002210e+00 2.0171786603e-02
3.0000000000e-02 0.0000000000e+00 2.8346594395e+01 8.2120169156e+00 7.5912131446e-02 -3.5935145110e+01 8.1747016834e-02 5.1100000000e-01 8.6716112550e-02 0.0000000000e+00 1.6485191788e-03 5.3214798306e+00 2.1859329149e-02
3.1000000000e-02 0.0000000000e+00 2.9294446284e+01 8.3615953233e+00 8.2122611143e-02 -3.6676924046e+01 8.8457136092e-02 5.1100000000e-01 9.1278171028e-02 0.0000000000e+00 1.8440705655e-03 5.4171381934e+00 2.3626429047e-02
3.2000000000e-02 0.0000000000e+00 3.0242447275e+01 8.5102417582e+00 8.8623871302e-02 -3.7408355264e+01 9.5484835112e-02 5.1100000000e-01 9.5960461112e-02 0.0000000000e+00 2.0556121959e-03 5.5114773485e+00 2.5474161699e-02
3.3000000000e-02 0.0000000000e+00 3.1190596496e+01 8.6580715845e+00 9.5420204991e-02 -3.8129916528e+01 1.0283515874e-01 5.1100000000e-01 1.0076486665e-01 0.0000000000e+00 2.2839048694e-03 5.6045907768e+00 2.7403587235e-02
3.4000000000e-02 0.0000000000e+00 3.2138893179e+01 8.8051821128e+00 1.0251584696e-01 -3.8842041640e+01 1.1051310928e-01 5.1100000000e-01 1.0569301310e-01 0.0000000000e+00 2.5297228645e-03 5.6965640804e+00 2.9415751379e-02
3.5000000000e-02 0.0000000000e+00 3.3087336648e+01 8.9516556414e+00 1.0991501470e-01 -3.9545125659e+01 1.1852369083e-01 5.1100000000e-01 1.1074629981e-01 0.0000000000e+00 2.7938531340e-03 5.7874756467e+00 3.1511686236e-02
3.6000000000e-02 0.0000000000e+00 3.4035926301e+01 9.0975622342e+00 1.1762194403e-01 -4.0239529342e+01 1.2687192812e-01 5.1100000000e-01 1.1592593916e-01 0.0000000000e+00 3.0770972251e-03 5.8773972575e+00 3.3692411030e-02
3.7000000000e-02 0.0000000000e+00 3.4984661603e+01 9.2429621621e+00 1.2564076972e-01 -4.0925583003e+01 1.3556281651e-01 5.1100000000e-01 1.2123299658e-01 0.0000000000e+00 3.3802680406e-03 5.9663946869e+00 3.5958932775e-02
3.8000000000e-02 0.0000000000e+00 3.5933542074e+01 9.3879081019e+00 1.3397545859e-01 -4.1603589716e+01 1.4460104473e-01 5.1100000000e-01 1.2666843357e-01 0.0000000000e+00 3.7041836101e-03 6.0545282710e+00 3.8312246908e-02
3.9000000000e-02 0.0000000000e+00 3.6882567284e+01 9.5324470467e+00 1.4263030397e-01 -4.2273828232e+01 1.5399188720e-01 5.1100000000e-01 1.3223315101e-01 0.0000000000e+00 4.0496907044e-03 6.1418534312e+00 4.0753337867e-02
4.0000000000e-02 0.0000000000e+00 3.7831736847e+01 9.6766219502e+00 1.5160915766e-01 -4.2936555398e+01 1.6373994898e-01 5.1100000000e-01 1.3792803099e-01 0.0000000000e+00 4.4176308862e-03 6.2284211754e+00 4.3283179634e-02
4.1000000000e-02 0.0000000000e+00 3.8781050420e+01 9.8204731883e+00 1.6091617099e-01 -4.3592008285e+01 1.7385031932e-01 5.1100000000e-01 1.4375398082e-01 0.0000000000e+00 4.8088702503e-03 6.3142785342e+00 4.5902736243e-02
4.2000000000e-02 0.0000000000e+00 3.9730507698e+01 9.9640397252e+00 1.7055517444e-01 -4.4240406126e+01 1.8432764960e-01 5.1100000000e-01 1.4971197002e-01 0.0000000000e+00 5.2242765219e-03 6.3994690103e+00 4.8612962251e-02
4.3000000000e-02 0.0000000000e+00 4.0680108417e+01 1.0107360201e+01 1.8053029784e-01 -4.4881951906e+01 1.9517699861e-01 5.1100000000e-01 1.5580307125e-01 0.0000000000e+00 5.6647425809e-03 6.4840329630e+00 5.1414803179e-02
4.4000000000e-02 0.0000000000e+00 4.1629852350e+01 1.0250473725e+01 1.9084543346e-01 -4.5516833873e+01 2.0640322981e-01 5.1100000000e-01 1.6202849408e-01 0.0000000000e+00 6.1311645357e-03 6.5680079499e+00 5.4309195927e-02
4.5000000000e-02 0.0000000000e+00 4.2579739309e+01 1.0393420588e+01 2.0150434454e-01 -4.6145226827e+01 2.1801099982e-01 5.1100000000e-01 1.6838961719e-01 0.0000000000e+00 6.6244462345e-03 6.6514290954e+00 5.7297069165e-02
4.6000000000e-02 0.0000000000e+00 4.3529769150e+01 1.0536242801e+01 2.1251107763e-01 -4.6767293241e+01 2.3000526038e-01 5.1100000000e-01 1.7488801932e-01 0.0000000000e+00 7.1455156873e-03 6.7343293372e+00 6.0379343698e-02
4.7000000000e-02 0.0000000000e+00 4.4479941768e+01 1.0678984511e+01 2.2386945086e-01 -4.7383184379e+01 2.4239086613e-01 5.1100000000e-01 1.8152550412e-01 0.0000000000e+00 7.6953049046e-03 6.8167397423e+00 6.3556932807e-02
4.8000000000e-02 0.0000000000e+00 4.5430257107e+01 1.0821692285e+01 2.3558336937e-01 -4.7993041238e+01 2.5517275218e-01 5.1100000000e-01 1.8830412244e-01 0.0000000000e+00 8.2747643433e-03 6.8986897340e+00 6.6830742582e-02
4.9000000000e-02 0.0000000000e+00 4.6380715158e+01 1.0964415355e+01 2.4765648452e-01 -4.8596995363e+01 2.6835545721e-01 5.1100000000e-01 1.9522619473e-01 0.0000000000e+00 8.8848409635e-03 6.9802072997e+00 7.0201672220e-02
5.0000000000e-02 0.0000000000e+00 4.7331315960e+01 1.1107205681e+01 2.6009287148e-01 -4.9195169685e+01 2.8194414045e-01 5.1100000000e-01 2.0229432371e-01 0.0000000000e+00 9.5265164112e-03 7.0613192069e+00 7.3670614321e-02
5.1000000000e-02 0.0000000000e+00 4.8282059610e+01 1.1250118028e+01 2.7289601370e-01 -4.9787679167e+01 2.9594332432e-01 5.1100000000e-01 2.0951140969e-01 0.0000000000e+00 1.0200759875e-02 7.1420511709e+00 7.7238455163e-02
5.2000000000e-02 0.0000000000e+00 4.9232946256e+01 1.1393209940e+01 2.8606989493e-01 -5.0374631546e+01 3.1035802483e-01 5.1100000000e-01 2.1688066060e-01 0.0000000000e+00 1.0908572411e-02 7.2224280059e+00 8.0906074959e-02
5.3000000000e-02 0.0000000000e+00 5.0183976110e+01 1.1536541624e+01 2.9961823437e-01 -5.0956127902e+01 3.2519303545e-01 5.1100000000e-01 2.2440559646e-01 0.0000000000e+00 1.1650957636e-02 7.3024737661e+00 8.4674348105e-02
5.4000000000e-02 0.0000000000e+00 5.1135149440e+01 1.1680175852e+01 3.1354474119e-01 -5.1532263223e+01 3.4045314265e-01 5.1100000000e-01 2.3209005562e-01 0.0000000000e+00 1.2428931633e-02 7.3822118594e+00 8.8544143418e-02
5.5000000000e-02 0.0000000000e+00 5.2086466584e+01 1.1824177806e+01 3.2785321623e-01 -5.2103126935e+01 3.5614325139e-01 5.1100000000e-01 2.3993819570e-01 0.0000000000e+00 1.3243524936e-02 7.4616651565e+00 9.2516324355e-02
5.6000000000e-02 0.0000000000e+00 5.3037927941e+01 1.1968614880e+01 3.4254736428e-01 -5.2668803351e+01 3.7226817768e-01 5.1100000000e-01 2.4795449245e-01 0.0000000000e+00 1.4095777636e-02 7.5408560858e+00 9.6591749229e-02
5.7000000000e-02 0.0000000000e+00 5.3989533982e+01 1.2113556406e+01 3.5763061377e-01 -5.3229372147e+01 3.8883250928e-01 5.1100000000e-01 2.5614373341e-01 0.0000000000e+00 1.4986729841e-02 7.6198066971e+00 1.0077127141e-01
5.8000000000e-02 0.0000000000e+00 5.4941285246e+01 1.2259073470e+01 3.7310708306e-01 -5.3784908818e+01 4.0584150374e-01 5.1100000000e-01 2.6451101555e-01 0.0000000000e+00 1.5917461778e-02 7.6985387190e+00 1.0505573952e-01
5.9000000000e-02 0.0000000000e+00 5.5893182345e+01 1.2405238635e+01 3.8898023547e-01 -5.4335484962e+01 4.2329992202e-01 5.1100000000e-01 2.7306173487e-01 0.0000000000e+00 1.6889043787e-02 7.7770736372e+00 1.0944599760e-01
6.0000000000e-02 0.0000000000e+00 5.6845225963e+01 1.2552125712e+01 4.0525384366e-01 -5.4881168723e+01 4.4121257316e-01 5.1100000000e-01 2.8180157951e-01 0.0000000000e+00 1.7902564964e-02 7.8554327197e+00 1.1394288533e-01
6.1000000000e-02 0.0000000000e+00 5.7797416861e+01 1.2699809417e+01 4.2193160738e-01 -5.5422025092e+01 4.5958451172e-01 5.1100000000e-01 2.9073651313e-01 0.0000000000e+00 1.8959129284e-02 7.9336370701e+00 1.1854723816e-01
6.2000000000e-02 0.0000000000e+00 5.8749755873e+01 1.2848365186e+01 4.3901663717e-01 -5.5958116188e+01 4.7841978937e-01 5.1100000000e-01 2.9987276848e-01 0.0000000000e+00 2.0059812864e-02 8.0117076303e+00 1.2325988745e-01
6.3000000000e-02 0.0000000000e+00 5.9702243908e+01 1.2997868825e+01 4.5651338643e-01 -5.6489501637e+01 4.9772445731e-01 5.1100000000e-01 3.0921682831e-01 0.0000000000e+00 2.1205786223e-02 8.0896652007e+00 1.2808166071e-01
6.4000000000e-02 0.0000000000e+00 6.0654881952e+01 1.3148396334e+01 4.7442514712e-01 -5.7016238726e+01 5.1750294235e-01 5.1100000000e-01 3.1877541382e-01 0.0000000000e+00 2.2398165639e-02 8.1675304933e+00 1.3301338165e-01
6.5000000000e-02 0.0000000000e+00 6.1607671067e+01 1.3300023543e+01 4.9275513193e-01 -5.7538382677e+01 5.3775959790e-01 5.1100000000e-01 3.2855546349e-01 0.0000000000e+00 2.3638067216e-02 8.2453241046e+00 1.3805587038e-01
6.6000000000e-02 0.0000000000e+00 6.2560612391e+01 1.3452825957e+01 5.1150775880e-01 -5.8055986936e+01 5.5850036293e-01 5.1100000000e-01 3.3856412253e-01 0.0000000000e+00 2.4926700084e-02 8.3230665245e+00 1.4320994354e-01
6.7000000000e-02 0.0000000000e+00 6.3513707136e+01 1.3606878450e+01 5.3068590470e-01 -5.8569103290e+01 5.7972939188e-01 5.1100000000e-01 3.4880872037e-01 0.0000000000e+00 2.6265189651e-02 8.4007781460e+00 1.4847641441e-01
6.8000000000e-02 0.0000000000e+00 6.4466956589e+01 1.3762255039e+01 5.5029350904e-01 -5.9077782135e+01 6.0145187468e-01 5.1100000000e-01 3.5929675373e-01 0.0000000000e+00 2.7654734539e-02 8.4784792492e+00 1.5385609306e-01
6.9000000000e-02 0.0000000000e+00 6.5420362111e+01 1.3919028720e+01 5.7033446168e-01 -5.9582072589e+01 6.2367324913e-01 5.1100000000e-01 3.7003587033e-01 0.0000000000e+00 2.9096547324e-02 8.5561900192e+00 1.5934978645e-01
7.0000000000e-02 0.0000000000e+00 6.6373925136e+01 1.4077271191e+01 5.9081179397e-01 -6.0082022626e+01 6.4639767965e-01 5.1100000000e-01 3.8103384739e-01 0.0000000000e+00 3.0591796942e-02 8.6339305141e+00 1.6495829857e-01
7.1000000000e-02 0.0000000000e+00 6.7327647167e+01 1.4237052712e+01 6.1172951503e-01 -6.0577679354e+01 6.6963084160e-01 5.1100000000e-01 3.9229857574e-01 0.0000000000e+00 3.2141722727e-02 8.7117206595e+00 1.7068243055e-01
7.2000000000e-02 0.0000000000e+00 6.8281529777e+01 1.4398441872e+01 6.3309062419e-01 -6.1069088992e+01 6.9337677983e-01 5.1100000000e-01 4.0383803752e-01 0.0000000000e+00 3.3747516584e-02 8.7895802397e+00 1.7652298072e-01
7.3000000000e-02 0.0000000000e+00 6.9235574609e+01 1.4561505485e+01 6.5489923812e-01 -6.1556297058e+01 7.1764138595e-01 5.1100000000e-01 4.1566029161e-01 0.0000000000e+00 3.5410455456e-02 8.8675288876e+00 1.8248074479e-01
7.4000000000e-02 0.0000000000e+00 7.0189783368e+01 1.4726308378e+01 6.7715921314e-01 -6.2039348466e+01 7.4243000762e-01 5.1100000000e-01 4.2777345227e-01 0.0000000000e+00 3.7131809972e-02 8.9455860497e+00 1.8855651591e-01
7.5000000000e-02 0.0000000000e+00 7.1144157826e+01 1.4892913321e+01 6.9987332854e-01 -6.2518287585e+01 7.6774653898e-01 5.1100000000e-01 4.4018567286e-01 0.0000000000e+00 3.8912783270e-02 9.0237710163e+00 1.9475108476e-01
7.6000000000e-02 0.0000000000e+00 7.2098699816e+01 1.5061380825e+01 7.2304534659e-01 -6.2993158371e+01 7.9359654365e-01 5.1100000000e-01 4.5290512688e-01 0.0000000000e+00 4.0754662861e-02 9.1021028393e+00 2.0106523967e-01
7.7000000000e-02 0.0000000000e+00 7.3053411228e+01 1.5231769093e+01 7.4667965922e-01 -6.3464004398e+01 8.1998615973e-01 5.1100000000e-01 4.6593999209e-01 0.0000000000e+00 4.2658802700e-02 9.1806003649e+00 2.0749976669e-01
7.8000000000e-02 0.0000000000e+00 7.4008294013e+01 1.5404133914e+01 7.7077852356e-01 -6.3930868979e+01 8.4691855052e-01 5.1100000000e-01 4.7929843181e-01 0.0000000000e+00 4.4626401875e-02 9.2592822238e+00 2.1405544968e-01
7.9000000000e-02 0.0000000000e+00 7.4963350173e+01 1.5578528561e+01 7.9534664959e-01 -6.4393795037e+01 8.7440068866e-01 5.1100000000e-01 4.9298858366e-01 0.0000000000e+00 4.6658863761e-02 9.3381667427e+00 2.2073307042e-01
8.0000000000e-02 0.0000000000e+00 7.5918581764e+01 1.5755003748e+01 8.2038670639e-01 -6.4852825429e+01 9.0243614095e-01 5.1100000000e-01 5.0701853629e-01 0.0000000000e+00 4.8757417705e-02 9.4172720440e+00 2.2753340867e-01
8.1000000000e-02 0.0000000000e+00 7.6873990890e+01 1.5933607530e+01 8.4590257221e-01 -6.5308002783e+01 9.3103095571e-01 5.1100000000e-01 5.2139632022e-01 0.0000000000e+00 5.0923451674e-02 9.4966159225e+00 2.3445724225e-01
8.2000000000e-02 0.0000000000e+00 7.7829579703e+01 1.6114385322e+01 8.7189840810e-01 -6.5759369499e+01 9.6019086260e-01 5.1100000000e-01 5.3612989341e-01 0.0000000000e+00 5.3158348184e-02 9.5762158904e+00 2.4150534712e-01
8.3000000000e-02 0.0000000000e+00 7.8785350399e+01 1.6297379805e+01 8.9837673527e-01 -6.6206967969e+01 9.8991951808e-01 5.1100000000e-01 5.5122712487e-01 0.0000000000e+00 5.5463372717e-02 9.6560891436e+00 2.4867849747e-01
8.4000000000e-02 0.0000000000e+00 7.9741305215e+01 1.6482630933e+01 9.2534160854e-01 -6.6650840407e+01 1.0202231707e+00 5.1100000000e-01 5.6669578366e-01 0.0000000000e+00 5.7839953862e-02 9.7362525562e+00 2.5597746579e-01
8.5000000000e-02 0.0000000000e+00 8.0697446425e+01 1.6670175936e+01 9.5279706725e-01 -6.7091028914e+01 1.0511074127e+00 5.1100000000e-01 5.8254352924e-01 0.0000000000e+00 6.0289496304e-02 9.8167226510e+00 2.6340302290e-01
8.6000000000e-02 0.0000000000e+00 8.1653776344e+01 1.6860049298e+01 9.8074530904e-01 -6.7527575493e+01 1.0825758215e+00 5.1100000000e-01 5.9877789597e-01 0.0000000000e+00 6.2813291680e-02 9.8975156238e+00 2.7095593808e-01
8.7000000000e-02 0.0000000000e+00 8.2610297312e+01 1.7052282752e+01 1.0091913382e+00 -6.7960522052e+01 1.1146357164e+00 5.1100000000e-01 6.1540628753e-01 0.0000000000e+00 6.5412865794e-02 9.9786472633e+00 2.7863697911e-01
8.8000000000e-02 0.0000000000e+00 8.3567011704e+01 1.7246905261e+01 1.0381376147e+00 -6.8389910513e+01 1.1472910372e+00 5.1100000000e-01 6.3243595874e-01 0.0000000000e+00 6.8089531410e-02 1.0060133002e+01 2.8644691233e-01
8.9000000000e-02 0.0000000000e+00 8.4523921927e+01 1.7443943240e+01 1.0675884003e+00 -6.8815782447e+01 1.1805475068e+00 5.1100000000e-01 6.4987402117e-01 0.0000000000e+00 7.0844800802e-02 1.0141987946e+01 2.9438650271e-01
9.0000000000e-02 0.0000000000e+00 8.5481030404e+01 1.7643420274e+01 1.0975467579e+00 -6.9238179531e+01 1.2144104448e+00 5.1100000000e-01 6.6772742091e-01 0.0000000000e+00 7.3680047916e-02 1.0224226708e+01 3.0245651390e-01
9.1000000000e-02 0.0000000000e+00 8.6438339587e+01 1.7845357425e+01 1.1280167408e+00 -6.9657143201e+01 1.2488857261e+00 5.1100000000e-01 6.8600293826e-01 0.0000000000e+00 7.6596784271e-02 1.0306863598e+01 3.1065770831e-01
9.2000000000e-02 0.0000000000e+00 8.7395851946e+01 1.8049773150e+01 1.1590014355e+00 -7.0072714728e+01 1.2839781439e+00 5.1100000000e-01 7.0470718412e-01 0.0000000000e+00 7.9596442642e-02 1.0389912453e+01 3.1899084717e-01
9.3000000000e-02 0.0000000000e+00 8.8353569965e+01 1.8256683336e+01 1.1905049236e+00 -7.0484935386e+01 1.3196935132e+00 5.1100000000e-01 7.2384658485e-01 0.0000000000e+00 8.2680533378e-02 1.0473386725e+01 3.2745669057e-01
9.4000000000e-02 0.0000000000e+00 8.9311496149e+01 1.8466101459e+01 1.2225299192e+00 -7.0893846020e+01 1.3560362099e+00 5.1100000000e-01 7.4342738814e-01 0.0000000000e+00 8.5850465738e-02 1.0557299458e+01 3.3605599752e-01
9.5000000000e-02 0.0000000000e+00 9.0269633008e+01 1.8678038529e+01 1.2550805699e+00 -7.1299487470e+01 1.3930130290e+00 5.1100000000e-01 7.6345565229e-01 0.0000000000e+00 8.9107813467e-02 1.0641663242e+01 3.4478952601e-01
9.6000000000e-02 0.0000000000e+00 9.1227983068e+01 1.8892503244e+01 1.2881607837e+00 -7.1701900268e+01 1.4306294321e+00 5.1100000000e-01 7.8393724344e-01 0.0000000000e+00 9.2454118956e-02 1.0726490292e+01 3.5365803305e-01
9.7000000000e-02 0.0000000000e+00 9.2186548858e+01 1.9109501997e+01 1.3217727603e+00 -7.2101124776e+01 1.4688892989e+00 5.1100000000e-01 8.0487783539e-01 0.0000000000e+00 9.5890765314e-02 1.0811792354e+01 3.6266227476e-01
9.8000000000e-02 0.0000000000e+00 9.3145332918e+01 1.9329039023e+01 1.3559216581e+00 -7.2497200959e+01 1.5078001848e+00 5.1100000000e-01 8.2628290604e-01 0.0000000000e+00 9.9419453463e-02 1.0897580798e+01 3.7180300638e-01
9.9000000000e-02 0.0000000000e+00 9.4104337784e+01 1.9551116351e+01 1.3906097565e+00 -7.2890168689e+01 1.5473660761e+00 5.1100000000e-01 8.4815773465e-01 0.0000000000e+00 1.0304160155e-01 1.0983866506e+01 3.8108098231e-01
1.0000000000e-01 0.0000000000e+00 9.5063565997e+01 1.9775734004e+01 1.4258417667e+00 -7.3280067361e+01 1.5875940261e+00 5.1100000000e-01 8.7050740356e-01 0.0000000000e+00 1.0675891305e-01 1.1070659969e+01 3.9049695623e-01
1.0100000000e-01 0.0000000000e+00 9.6023020097e+01 2.0002890047e+01 1.4616200896e+00 -7.3666936146e+01 1.6284882097e+00 5.1100000000e-01 8.9333679737e-01 0.0000000000e+00 1.1057280532e-01 1.1157971262e+01 4.0005168105e-01
1.0200000000e-01 0.0000000000e+00 9.6982702622e+01 2.0232580597e+01 1.4979488747e+00 -7.4050813871e+01 1.6700546108e+00 5.1100000000e-01 9.1665059874e-01 0.0000000000e+00 1.1448494720e-01 1.1245810021e+01 4.0974590905e-01
1.0300000000e-01 0.0000000000e+00 9.7942616102e+01 2.0464800030e+01 1.5348322059e+00 -7.4431738900e+01 1.7123001910e+00 5.1100000000e-01 9.4045330114e-01 0.0000000000e+00 1.1849699644e-01 1.1334185456e+01 4.1958039184e-01
1.0400000000e-01 0.0000000000e+00 9.8902763063e+01 2.0699540933e+01 1.5722732503e+00 -7.4809749338e+01 1.7552297370e+00 5.1100000000e-01 9.6474919415e-01 0.0000000000e+00 1.2261051912e-01 1.1423106374e+01 4.2955588047e-01
1.0500000000e-01 0.0000000000e+00 9.9863146021e+01 2.0936794267e+01 1.6102739651e+00 -7.5184882862e+01 1.7988466390e+00 5.1100000000e-01 9.8954237690e-01 0.0000000000e+00 1.2682696165e-01 1.1512581153e+01 4.3967312545e-01
1.0600000000e-01 0.0000000000e+00 1.0082376749e+02 2.1176549502e+01 1.6488413712e+00 -7.5557176630e+01 1.8431618895e+00 5.1100000000e-01 1.0148367613e+00 0.0000000000e+00 1.3114831621e-01 1.1602617792e+01 4.4993287677e-01
1.0700000000e-01 0.0000000000e+00 1.0178462995e+02 2.1418794537e+01 1.6879760976e+00 -7.5926667521e+01 1.8881765917e+00 5.1100000000e-01 1.0406360644e+00 0.0000000000e+00 1.3557593393e-01 1.1693223841e+01 4.6033588400e-01
1.0800000000e-01 0.0000000000e+00 1.0274573590e+02 2.1663515918e+01 1.7276827287e+00 -7.6293391892e+01 1.9338981560e+00 5.1100000000e-01 1.0669438193e+00 0.0000000000e+00 1.4011158468e-01 1.1784406480e+01 4.7088289625e-01
1.0900000000e-01 0.0000000000e+00 1.0370708780e+02 2.1910698950e+01 1.7679652747e+00 -7.6657385564e+01 1.9803332044e+00 5.1100000000e-01 1.0937633829e+00 0.0000000000e+00 1.4475698237e-01 1.1876172501e+01 4.8157466229e-01
1.1000000000e-01 0.0000000000e+00 1.0466868811e+02 2.2160327627e+01 1.8088266638e+00 -7.7018684053e+01 2.0274865483e+00 5.1100000000e-01 1.1210979269e+00 0.0000000000e+00 1.4951372371e-01 1.1968528292e+01 4.9241193053e-01
1.1100000000e-01 0.0000000000e+00 1.0563053927e+02 2.2412384863e+01 1.8502699173e+00 -7.7377322284e+01 2.0753630957e+00 5.1100000000e-01 1.1489504519e+00 0.0000000000e+00 1.5438348801e-01 1.2061479891e+01 5.0339544910e-01
1.1200000000e-01 0.0000000000e+00 1.0659264369e+02 2.2666852467e+01 1.8923006398e+00 -7.7733334756e+01 2.1239715725e+00 5.1100000000e-01 1.1773237892e+00 0.0000000000e+00 1.5936815924e-01 1.2155032921e+01 5.1452596587e-01
1.1300000000e-01 0.0000000000e+00 1.0755500377e+02 2.2923711296e+01 1.9349205505e+00 -7.8086755440e+01 2.1733154089e+00 5.1100000000e-01 1.2062206076e+00 0.0000000000e+00 1.6446928536e-01 1.2249192645e+01 5.2580422846e-01
1.1400000000e-01 0.0000000000e+00 1.0851762190e+02 2.3182941333e+01 1.9781338260e+00 -7.8437617828e+01 2.2234015276e+00 5.1100000000e-01 1.2356434126e+00 0.0000000000e+00 1.6968866357e-01 1.2343964030e+01 5.3723098433e-01
1.1500000000e-01 0.0000000000e+00 1.0948050044e+02 2.3444521699e+01 2.0219454419e+00 -7.8785954906e+01 2.2742374272e+00 5.1100000000e-01 1.2655945589e+00 0.0000000000e+00 1.7502819261e-01 1.2439351621e+01 5.4880698080e-01
1.1600000000e-01 0.0000000000e+00 1.1044364172e+02 2.3708430744e+01 2.0663562444e+00 -7.9131799206e+01 2.3258257479e+00 5.1100000000e-01 1.2960762470e+00 0.0000000000e+00 1.8048929282e-01 1.2535359649e+01 5.6053296504e-01
1.1700000000e-01 0.0000000000e+00 1.1140704807e+02 2.3974646203e+01 2.1113716132e+00 -7.9475182754e+01 2.3781742438e+00 5.1100000000e-01 1.3270905400e+00 0.0000000000e+00 1.8607397988e-01 1.2631992016e+01 5.7240968417e-01
1.1800000000e-01 0.0000000000e+00 1.1237072177e+02 2.4243145166e+01 2.1569964564e+00 -7.9816137024e+01 2.4312917756e+00 5.1100000000e-01 1.3586393574e+00 0.0000000000e+00 1.9178418204e-01 1.2729252306e+01 5.8443788525e-01
1.1900000000e-01 0.0000000000e+00 1.1333466511e+02 2.4513904185e+01 2.2032314748e+00 -8.0154693067e+01 2.4851794973e+00 5.1100000000e-01 1.3907244887e+00 0.0000000000e+00 1.9762134325e-01 1.2827143776e+01 5.9661831535e-01
1.2000000000e-01 0.0000000000e+00 1.1429888033e+02 2.4786899367e+01 2.2500819143e+00 -8.0490881452e+01 2.5398462098e+00 5.1100000000e-01 1.4233475965e+00 0.0000000000e+00 2.0358748619e-01 1.2925669396e+01 6.0895172152e-01
1.2100000000e-01 0.0000000000e+00 1.1526336965e+02 2.5062106326e+01 2.2975517628e+00 -8.0824732301e+01 2.5952987797e+00 5.1100000000e-01 1.4565102200e+00 0.0000000000e+00 2.0968445854e-01 1.3024831780e+01 6.2143885089e-01
1.2200000000e-01 0.0000000000e+00 1.1622813527e+02 2.5339500468e+01 2.3456441066e+00 -8.1156275229e+01 2.6515419731e+00 5.1100000000e-01 1.4902137885e+00 0.0000000000e+00 2.1591405475e-01 1.3124633350e+01 6.3408045070e-01
1.2300000000e-01 0.0000000000e+00 1.1719317937e+02 2.5619056768e+01 2.3943634741e+00 -8.1485539418e+01 2.7085838981e+00 5.1100000000e-01 1.5244596156e+00 0.0000000000e+00 2.2227823479e-01 1.3225076153e+01 6.4687726825e-01
1.2400000000e-01 0.0000000000e+00 1.1815850409e+02 2.5900750067e+01 2.4437113381e+00 -8.1812553640e+01 2.7664275312e+00 5.1100000000e-01 1.5592489157e+00 0.0000000000e+00 2.2877854344e-01 1.3326162038e+01 6.5983005105e-01
1.2500000000e-01 0.0000000000e+00 1.1912411157e+02 2.6184555008e+01 2.4936931996e+00 -8.2137346184e+01 2.8250815372e+00 5.1100000000e-01 1.5945828040e+00 0.0000000000e+00 2.3541715507e-01 1.3427892576e+01 6.7293954674e-01
1.2600000000e-01 0.0000000000e+00 1.2009000390e+02 2.6470446063e+01 2.5443122594e+00 -8.2459945029e+01 2.8845520947e+00 5.1100000000e-01 1.6304623040e+00 0.0000000000e+00 2.4219586824e-01 1.3530269047e+01 6.8620650319e-01
1.2700000000e-01 0.0000000000e+00 1.2105618315e+02 2.6758397670e+01 2.5955730645e+00 -8.2780377753e+01 2.9448460992e+00 5.1100000000e-01 1.6668883529e+00 0.0000000000e+00 2.4911669640e-01 1.3633292529e+01 6.9963166853e-01
1.2800000000e-01 0.0000000000e+00 1.2202265137e+02 2.7048384184e+01 2.6474773933e+00 -8.3098671559e+01 3.0059674647e+00 5.1100000000e-01 1.7038618021e+00 0.0000000000e+00 2.5618135976e-01 1.3736963855e+01 7.1321579112e-01
1.2900000000e-01 0.0000000000e+00 1.2298941059e+02 2.7340380073e+01 2.7000309446e+00 -8.3414853273e+01 3.0679268252e+00 5.1100000000e-01 1.7413834392e+00 0.0000000000e+00 2.6339197791e-01 1.3841283644e+01 7.2695961965e-01
1.3000000000e-01 0.0000000000e+00 1.2395646279e+02 2.7634359728e+01 2.7532355974e+00 -8.3728949442e+01 3.1307260667e+00 5.1100000000e-01 1.7794539700e+00 0.0000000000e+00 2.7075031991e-01 1.3946252266e+01 7.4086390312e-01
1.3100000000e-01 0.0000000000e+00 1.2492380996e+02 2.7930297711e+01 2.8070966394e+00 -8.4040986349e+01 3.1943750211e+00 5.1100000000e-01 1.8180740401e+00 0.0000000000e+00 2.7825851676e-01 1.4051869924e+01 7.5492939090e-01
1.3200000000e-01 0.0000000000e+00 1.2589145403e+02 2.8228168737e+01 2.8616177485e+00 -8.4350989909e+01 3.2588793540e+00 5.1100000000e-01 1.8572442394e+00 0.0000000000e+00 2.8591858124e-01 1.4158136620e+01 7.6915683273e-01
1.3300000000e-01 0.0000000000e+00 1.2685939693e+02 2.8527947601e+01 2.9168005315e+00 -8.4658985921e+01 3.3242434392e+00 5.1100000000e-01 1.8969650973e+00 0.0000000000e+00 2.9373214554e-01 1.4265052133e+01 7.8354697877e-01
1.3400000000e-01 0.0000000000e+00 1.2782764056e+02 2.8829609365e+01 2.9726510476e+00 -8.4964999862e+01 3.3904769857e+00 5.1100000000e-01 1.9372370980e+00 0.0000000000e+00 3.0170158018e-01 1.4372616096e+01 7.9810057962e-01
1.3500000000e-01 0.0000000000e+00 1.2879618677e+02 2.9133129232e+01 3.0291732250e+00 -8.5269057069e+01 3.4575871908e+00 5.1100000000e-01 1.9780606752e+00 0.0000000000e+00 3.0982892597e-01 1.4480827934e+01 8.1281838633e-01
1.3600000000e-01 0.0000000000e+00 1.2976503743e+02 2.9438482753e+01 3.0863686340e+00 -8.5571182694e+01 3.5255766624e+00 5.1100000000e-01 2.0194362264e+00 0.0000000000e+00 3.1811583928e-01 1.4589686971e+01 8.2770115046e-01
1.3700000000e-01 0.0000000000e+00 1.3073419434e+02 2.9745645617e+01 3.1442427888e+00 -8.5871401882e+01 3.5944555461e+00 5.1100000000e-01 2.0613641113e+00 0.0000000000e+00 3.2656473809e-01 1.4699192250e+01 8.4274962409e-01
1.3800000000e-01 0.0000000000e+00 1.3170365931e+02 3.0054593986e+01 3.2027975054e+00 -8.6169739401e+01 3.6642279440e+00 5.1100000000e-01 2.1038446568e+00 0.0000000000e+00 3.3517727813e-01 1.4809342850e+01 8.5796455984e-01
1.3900000000e-01 0.0000000000e+00 1.3267343412e+02 3.0365304156e+01 3.2620388682e+00 -8.6466220256e+01 3.7349031548e+00 5.1100000000e-01 2.1468781615e+00 0.0000000000e+00 3.4395588112e-01 1.4920137526e+01 8.7334671089e-01
1.4000000000e-01 0.0000000000e+00 1.3364352050e+02 3.0677752877e+01 3.3219706682e+00 -8.6760869191e+01 3.8064883597e+00 5.1100000000e-01 2.1904649031e+00 0.0000000000e+00 3.5290269976e-01 1.5031574998e+01 8.8889683104e-01
1.4100000000e-01 0.0000000000e+00 1.3461392020e+02 3.0991917191e+01 3.3825956156e+00 -8.7053711119e+01 3.8789893031e+00 5.1100000000e-01 2.2346051290e+00 0.0000000000e+00 3.6201966343e-01 1.5143653865e+01 9.0461567470e-01
1.4200000000e-01 0.0000000000e+00 1.3558463490e+02 3.1307774481e+01 3.4439171974e+00 -8.7344770817e+01 3.9524114578e+00 5.1100000000e-01 2.2792990748e+00 0.0000000000e+00 3.7130877542e-01 1.5256372546e+01 9.2050399692e-01
1.4300000000e-01 0.0000000000e+00 1.3655566630e+02 3.1625302539e+01 3.5059378853e+00 -8.7634073264e+01 4.0267605143e+00 5.1100000000e-01 2.3245469618e+00 0.0000000000e+00 3.8077197980e-01 1.5369729380e+01 9.3656255343e-01
1.4400000000e-01 0.0000000000e+00 1.3752701605e+02 3.1944479514e+01 3.5686666368e+00 -8.7921643429e+01 4.1020508897e+00 5.1100000000e-01 2.3703489955e+00 0.0000000000e+00 3.9041220241e-01 1.5483722601e+01 9.5279210066e-01
1.4500000000e-01 0.0000000000e+00 1.3849868580e+02 3.2265283938e+01 3.6321019256e+00 -8.8207506481e+01 4.1782814723e+00 5.1100000000e-01 2.4167053719e+00 0.0000000000e+00 4.0023076930e-01 1.5598350338e+01 9.6919339577e-01
1.4600000000e-01 0.0000000000e+00 1.3947067716e+02 3.2587694791e+01 3.6962496375e+00 -8.8491687648e+01 4.2554631438e+00 5.1100000000e-01 2.4636162828e+00 0.0000000000e+00 4.1023020612e-01 1.5713610662e+01 9.8576719664e-01
1.4700000000e-01 0.0000000000e+00 1.4044299172e+02 3.2911691375e+01 3.7611124957e+00 -8.8774212420e+01 4.3336002732e+00 5.1100000000e-01 2.5110819125e+00 0.0000000000e+00 4.2041247546e-01 1.5829501494e+01 1.0025142619e+00
1.4800000000e-01 0.0000000000e+00 1.4141563106e+02 3.3237253397e+01 3.8266989575e+00 -8.9055106577e+01 4.4127071679e+00 5.1100000000e-01 2.5591024408e+00 0.0000000000e+00 4.3078051531e-01 1.5946020689e+01 1.0194353511e+00
1.4900000000e-01 0.0000000000e+00 1.4238859674e+02 3.3564361008e+01 3.8930063406e+00 -8.9334396011e+01 4.4927820438e+00 5.1100000000e-01 2.6076780490e+00 0.0000000000e+00 4.4133555972e-01 1.6063166048e+01 1.0365312245e+00
1.5000000000e-01 0.0000000000e+00 1.4336189029e+02 3.3892994691e+01 3.9600427487e+00 -8.9612107051e+01 4.5738369354e+00 5.1100000000e-01 2.6568089108e+00 0.0000000000e+00 4.5208041322e-01 1.6180935285e+01 1.0538026432e+00
1.5100000000e-01 0.0000000000e+00 1.4433551323e+02 3.4223135371e+01 4.0278118802e+00 -8.9888266254e+01 4.6558797113e+00 5.1100000000e-01 2.7064952063e+00 0.0000000000e+00 4.6301729611e-01 1.6299326057e+01 1.0712503691e+00
1.5200000000e-01 0.0000000000e+00 1.4530946706e+02 3.4554764334e+01 4.0963142644e+00 -9.0162900572e+01 4.7389130787e+00 5.1100000000e-01 2.7567371202e+00 0.0000000000e+00 4.7414797371e-01 1.6418335912e+01 1.0888751651e+00
1.5300000000e-01 0.0000000000e+00 1.4628375325e+02 3.4887863295e+01 4.1655557385e+00 -9.0436037360e+01 4.8229464172e+00 5.1100000000e-01 2.8075348322e+00 0.0000000000e+00 4.8547504209e-01 1.6537962430e+01 1.1066777951e+00
1.5400000000e-01 0.0000000000e+00 1.4725837327e+02 3.5222414274e+01 4.2355443878e+00 -9.0707704382e+01 4.9079933662e+00 5.1100000000e-01 2.8588885293e+00 0.0000000000e+00 4.9700140342e-01 1.6658203045e+01 1.1246590237e+00
1.5500000000e-01 0.0000000000e+00 1.4823332856e+02 3.5558399728e+01 4.3062778206e+00 -9.0977929821e+01 4.9940515740e+00 5.1100000000e-01 2.9107983997e+00 0.0000000000e+00 5.0872829608e-01 1.6779055214e+01 1.1428196166e+00
1.5600000000e-01 0.0000000000e+00 1.4920862054e+02 3.5895802447e+01 4.3777626169e+00 -9.1246742405e+01 5.0811339365e+00 5.1100000000e-01 2.9632646378e+00 0.0000000000e+00 5.2065858821e-01 1.6900516307e+01 1.1611603404e+00
1.5700000000e-01 0.0000000000e+00 1.5018425063e+02 3.6234605512e+01 4.4500035228e+00 -9.1514171405e+01 5.1692477246e+00 5.1100000000e-01 3.0162874357e+00 0.0000000000e+00 5.3279464075e-01 1.7022583629e+01 1.1796819628e+00
1.5800000000e-01 0.0000000000e+00 1.5116022021e+02 3.6574792455e+01 4.5230028431e+00 -9.1780246576e+01 5.2583991013e+00 5.1100000000e-01 3.0698669933e+00 0.0000000000e+00 5.4513861477e-01 1.7145254523e+01 1.1983852525e+00
1.5900000000e-01 0.0000000000e+00 1.5213653067e+02 3.6916347053e+01 4.5967638260e+00 -9.2044998229e+01 5.3485927722e+00 5.1100000000e-01 3.1240035104e+00 0.0000000000e+00 5.5769266118e-01 1.7268526233e+01 1.2172709792e+00
1.6000000000e-01 0.0000000000e+00 1.5311318336e+02 3.7259253400e+01 4.6712950366e+00 -9.2308457378e+01 5.4398443711e+00 5.1100000000e-01 3.1786971859e+00 0.0000000000e+00 5.7045990218e-01 1.7392395988e+01 1.2363399136e+00
1.6100000000e-01 0.0000000000e+00 1.5409017962e+02 3.7603495945e+01 4.7465954685e+00 -9.2570655588e+01 5.5321544785e+00 5.1100000000e-01 3.2339482237e+00 0.0000000000e+00 5.8344198280e-01 1.7516861015e+01 1.2555928276e+00
1.6200000000e-01 0.0000000000e+00 1.5506752079e+02 3.7949059331e+01 4.8226697118e+00 -9.2831625163e+01 5.6255314844e+00 5.1100000000e-01 3.2897568214e+00 0.0000000000e+00 5.9664143070e-01 1.7641918459e+01 1.2750304943e+00
1.6300000000e-01 0.0000000000e+00 1.5604520818e+02 3.8295928560e+01 4.8995263532e+00 -9.3091399011e+01 5.7199878871e+00 5.1100000000e-01 3.3461231777e+00 0.0000000000e+00 6.1006126071e-01 1.7767565507e+01 1.2946536876e+00
1.6400000000e-01 0.0000000000e+00 1.5702324308e+02 3.8644088826e+01 4.9771632275e+00 -9.3350010814e+01 5.8155259295e+00 5.1100000000e-01 3.4030474889e+00 0.0000000000e+00 6.2370306890e-01 1.7893799260e+01 1.3144631830e+00
1.6500000000e-01 0.0000000000e+00 1.5800162678e+02 3.8993525565e+01 5.0555893922e+00 -9.3607495043e+01 5.9121582243e+00 5.1100000000e-01 3.4605299382e+00 0.0000000000e+00 6.3757001369e-01 1.8020616849e+01 1.3344597568e+00
1.6600000000e-01 0.0000000000e+00 1.5898036055e+02 3.9344224461e+01 5.1348072070e+00 -9.3863886801e+01 6.0098898438e+00 5.1100000000e-01 3.5185707104e+00 0.0000000000e+00 6.5166430918e-01 1.8148015362e+01 1.3546441867e+00
1.6700000000e-01 0.0000000000e+00 1.5995944565e+02 3.9696171373e+01 5.2148160611e+00 -9.4119222096e+01 6.1087248993e+00 5.1100000000e-01 3.5771699726e+00 0.0000000000e+00 6.6598774861e-01 1.8275991897e+01 1.3750172515e+00
1.6800000000e-01 0.0000000000e+00 1.6093888330e+02 4.0049352340e+01 5.2956262258e+00 -9.4373537704e+01 6.2086771040e+00 5.1100000000e-01 3.6363278888e+00 0.0000000000e+00 6.8054380709e-01 1.8404543478e+01 1.3955797313e+00
1.6900000000e-01 0.0000000000e+00 1.6191867475e+02 4.0403753565e+01 5.3772403002e+00 -9.4626871260e+01 6.3097531383e+00 5.1100000000e-01 3.6960445982e+00 0.0000000000e+00 6.9533461738e-01 1.8533667185e+01 1.4163324075e+00
1.7000000000e-01 0.0000000000e+00 1.6289882122e+02 4.0759361459e+01 5.4596643585e+00 -9.4879261155e+01 6.4119655345e+00 5.1100000000e-01 3.7563202330e+00 0.0000000000e+00 7.1036328678e-01 1.8663360088e+01 1.4372760627e+00
1.7100000000e-01 0.0000000000e+00 1.6387932388e+02 4.1116162411e+01 5.5428986751e+00 -9.5130746900e+01 6.5153137466e+00 5.1100000000e-01 3.8171548972e+00 0.0000000000e+00 7.2563146255e-01 1.8793619152e+01 1.4584114808e+00
1.7200000000e-01 0.0000000000e+00 1.6486018393e+02 4.1474143077e+01 5.6269463765e+00 -9.5381368590e+01 6.6198072943e+00 5.1100000000e-01 3.8785486796e+00 0.0000000000e+00 7.4114176632e-01 1.8924441452e+01 1.4797394472e+00
1.7300000000e-01 0.0000000000e+00 1.6584140255e+02 4.1833290114e+01 5.7118128918e+00 -9.5631167447e+01 6.7254558931e+00 5.1100000000e-01 3.9405016391e+00 0.0000000000e+00 7.5689693787e-01 1.9055823992e+01 1.5012607484e+00
1.7400000000e-01 0.0000000000e+00 1.6682298090e+02 4.2193590284e+01 5.7975085706e+00 -9.5880185470e+01 6.8322736731e+00 5.1100000000e-01 4.0030138109e+00 0.0000000000e+00 7.7290045152e-01 1.9187763785e+01 1.5229761723e+00
1.7500000000e-01 0.0000000000e+00 1.6780492011e+02 4.2555030312e+01 5.8840282641e+00 -9.6128465810e+01 6.9402598427e+00 5.1100000000e-01 4.0660851923e+00 0.0000000000e+00 7.8915354961e-01 1.9320257784e+01 1.5448865084e+00
1.7600000000e-01 0.0000000000e+00 1.6878722133e+02 4.2917597036e+01 5.9713815564e+00 -9.6376052404e+01 7.0494276187e+00 5.1100000000e-01 4.1297157474e+00 0.0000000000e+00 8.0565968922e-01 1.9453303017e+01 1.5669925474e+00
1.7700000000e-01 0.0000000000e+00 1.6976988568e+02 4.3281277313e+01 6.0595704168e+00 -9.6622990163e+01 7.1597831415e+00 5.1100000000e-01 4.1939054045e+00 0.0000000000e+00 8.2242114182e-01 1.9586896497e+01 1.5892950815e+00
1.7800000000e-01 0.0000000000e+00 1.7075291425e+02 4.3646057907e+01 6.1486030687e+00 -9.6869325078e+01 7.2713395922e+00 5.1100000000e-01 4.2586540528e+00 0.0000000000e+00 8.3944120693e-01 1.9721035139e+01 1.6117949043e+00
1.7900000000e-01 0.0000000000e+00 1.7173630816e+02 4.4011925613e+01 6.2384769360e+00 -9.7115104045e+01 7.3840976252e+00 5.1100000000e-01 4.3239615277e+00 0.0000000000e+00 8.5672147981e-01 1.9855715961e+01 1.6344928108e+00
1.8000000000e-01 0.0000000000e+00 1.7272006846e+02 4.4378867136e+01 6.3291973167e+00 -9.7360375032e+01 7.4980661063e+00 5.1100000000e-01 4.3898276209e+00 0.0000000000e+00 8.7426480210e-01 1.9990935909e+01 1.6573895978e+00
1.8100000000e-01 0.0000000000e+00 1.7370419624e+02 4.4746869157e+01 6.4207776896e+00 -9.7605186987e+01 7.6132652422e+00 5.1100000000e-01 4.4562520743e+00 0.0000000000e+00 8.9207549470e-01 2.0126691951e+01 1.6804860632e+00
1.8200000000e-01 0.0000000000e+00 1.7468869255e+02 4.5115918212e+01 6.5132127405e+00 -9.7849589888e+01 7.7296928061e+00 5.1100000000e-01 4.5232345634e+00 0.0000000000e+00 9.1015458955e-01 2.0262981050e+01 1.7037830067e+00
1.8300000000e-01 0.0000000000e+00 1.7567355842e+02 4.5486000755e+01 6.6065092761e+00 -9.8093634744e+01 7.8473597844e+00 5.1100000000e-01 4.5907747153e+00 0.0000000000e+00 9.2850547362e-01 2.0399800125e+01 1.7272812295e+00
1.8400000000e-01 0.0000000000e+00 1.7665879489e+02 4.5857103119e+01 6.7006708035e+00 -9.8337373563e+01 7.9662717082e+00 5.1100000000e-01 4.6588720827e+00 0.0000000000e+00 9.4713032946e-01 2.0537146148e+01 1.7509815343e+00
1.8500000000e-01 0.0000000000e+00 1.7764440297e+02 4.6229211464e+01 6.7957062482e+00 -9.8580859453e+01 8.0864468704e+00 5.1100000000e-01 4.7275261529e+00 0.0000000000e+00 9.6603304669e-01 2.0675016043e+01 1.7748847254e+00
1.8600000000e-01 0.0000000000e+00 1.7863038365e+02 4.6602311800e+01 6.8916112634e+00 -9.8824146528e+01 8.2078811459e+00 5.1100000000e-01 4.7967363490e+00 0.0000000000e+00 9.8521497466e-01 2.0813406698e+01 1.7989916087e+00
1.8700000000e-01 0.0000000000e+00 1.7961673792e+02 4.6976389957e+01 6.9883977518e+00 -9.9067289968e+01 8.3305930575e+00 5.1100000000e-01 4.8665020042e+00 0.0000000000e+00 1.0046800983e+00 2.0952315069e+01 1.8233029919e+00
1.8800000000e-01 0.0000000000e+00 1.8060346675e+02 4.7351431536e+01 7.0860697397e+00 -9.9310345996e+01 8.4545916544e+00 5.1100000000e-01 4.9368223799e+00 0.0000000000e+00 1.0244312671e+00 2.1091738026e+01 1.8478196841e+00
1.8900000000e-01 0.0000000000e+00 1.8159057109e+02 4.7727421931e+01 7.1846261923e+00 -9.9553371832e+01 8.5798783464e+00 5.1100000000e-01 5.0076966502e+00 0.0000000000e+00 1.0444701844e+00 2.1231672459e+01 1.8725424962e+00
1.9000000000e-01 0.0000000000e+00 1.8257805190e+02 4.8104346339e+01 7.2840739549e+00 -9.9796425821e+01 8.7064646938e+00 5.1100000000e-01 5.0791239031e+00 0.0000000000e+00 1.0648004965e+00 2.1372115270e+01 1.8974722407e+00
1.9100000000e-01 0.0000000000e+00 1.8356591009e+02 4.8482189660e+01 7.3844189385e+00 -1.0003956726e+02 8.8343633016e+00 5.1100000000e-01 5.1511031315e+00 0.0000000000e+00 1.0854250418e+00 2.1513063317e+01 1.9226097320e+00
1.9200000000e-01 0.0000000000e+00 1.8455414658e+02 4.8860936502e+01 7.4856681231e+00 -1.0028285659e+02 8.9635845750e+00 5.1100000000e-01 5.2236332263e+00 0.0000000000e+00 1.1063473799e+00 2.1654513449e+01 1.9479557861e+00
1.9300000000e-01 0.0000000000e+00 1.8554276226e+02 4.9240571258e+01 7.5878154852e+00 -1.0052635522e+02 9.0941257375e+00 5.1100000000e-01 5.2967129898e+00 0.0000000000e+00 1.1275685310e+00 2.1796462502e+01 1.9735112207e+00
1.9400000000e-01 0.0000000000e+00 1.8653175802e+02 4.9621077982e+01 7.6908809341e+00 -1.0077012560e+02 9.2260152254e+00 5.1100000000e-01 5.3703411127e+00 0.0000000000e+00 1.1490940254e+00 2.1938907298e+01 1.9992768553e+00
1.9500000000e-01 0.0000000000e+00 1.8752113470e+02 5.0002440366e+01 7.7948532683e+00 -1.0101423125e+02 9.3592426802e+00 5.1100000000e-01 5.4445161706e+00 0.0000000000e+00 1.1709242959e+00 2.2081844620e+01 2.0252535113e+00
1.9600000000e-01 0.0000000000e+00 1.8851089318e+02 5.0384641880e+01 7.8997512185e+00 -1.0125873661e+02 9.4938350539e+00 5.1100000000e-01 5.5192366327e+00 0.0000000000e+00 1.1930645994e+00 2.2225271305e+01 2.0514420118e+00
1.9700000000e-01 0.0000000000e+00 1.8950103426e+02 5.0767665566e+01 8.0055623396e+00 -1.0150370719e+02 9.6297787051e+00 5.1100000000e-01 5.5945008555e+00 0.0000000000e+00 1.2155148102e+00 2.2369184066e+01 2.0778431817e+00
1.9800000000e-01 0.0000000000e+00 1.9049155878e+02 5.1151494118e+01 8.1123056780e+00 -1.0174920957e+02 9.7671051442e+00 5.1100000000e-01 5.6703070600e+00 0.0000000000e+00 1.2382811925e+00 2.2513579674e+01 2.1044578479e+00
1.9900000000e-01 0.0000000000e+00 1.9148246751e+02 5.1536109862e+01 8.2199815974e+00 -1.0199531120e+02 9.9058153860e+00 5.1100000000e-01 5.7466533518e+00 0.0000000000e+00 1.2613654128e+00 2.2658454828e+01 2.1312868390e+00
2.0000000000e-01 0.0000000000e+00 1.9247376125e+02 5.1921494809e+01 8.3285961738e+00 -1.0224208059e+02 1.0045921869e+01 5.1100000000e-01 5.8235377090e+00 0.0000000000e+00 1.2847707724e+00 2.2803806264e+01 2.1583309856e+00
2.0100000000e-01 0.0000000000e+00 1.9346544075e+02 5.2307630462e+01 8.4381489771e+00 -1.0248958714e+02 1.0187426640e+01 5.1100000000e-01 5.9009579691e+00 0.0000000000e+00 1.3085000505e+00 2.2949630616e+01 2.1855911203e+00
2.0200000000e-01 0.0000000000e+00 1.9445750676e+02 5.2694497995e+01 8.5486434725e+00 -1.0273790130e+02 1.0330339769e+01 5.1100000000e-01 5.9789118390e+00 0.0000000000e+00 1.3325551953e+00 2.3095924535e+01 2.2130680773e+00
2.0300000000e-01 0.0000000000e+00 1.9544995999e+02 5.3082078135e+01 8.6600908806e+00 -1.0298709444e+02 1.0474678799e+01 5.1100000000e-01 6.0573968757e+00 0.0000000000e+00 1.3569410978e+00 2.3242684659e+01 2.2407626931e+00
2.0400000000e-01 0.0000000000e+00 1.9644280114e+02 5.3470351223e+01 8.7724977975e+00 -1.0323723878e+02 1.0620454125e+01 5.1100000000e-01 6.1364105049e+00 0.0000000000e+00 1.3816613693e+00 2.3389907572e+01 2.2686758060e+00
2.0500000000e-01 0.0000000000e+00 1.9743603091e+02 5.3859297104e+01 8.8858587330e+00 -1.0348840750e+02 1.0767665134e+01 5.1100000000e-01 6.2159499950e+00 0.0000000000e+00 1.4067171052e+00 2.3537589811e+01 2.2968082563e+00
2.0600000000e-01 0.0000000000e+00 1.9842964996e+02 5.4248895235e+01 9.0001841219e+00 -1.0374067467e+02 1.0916327869e+01 5.1100000000e-01 6.2960124618e+00 0.0000000000e+00 1.4321123137e+00 2.3685727945e+01 2.3251608863e+00
2.0700000000e-01 0.0000000000e+00 1.9942365891e+02 5.4639124542e+01 9.1154755161e+00 -1.0399411531e+02 1.1066447652e+01 5.1100000000e-01 6.3765948705e+00 0.0000000000e+00 1.4578499419e+00 2.3834318404e+01 2.3537345406e+00
2.0800000000e-01 0.0000000000e+00 2.0041805841e+02 5.5029963619e+01 9.2317437253e+00 -1.0424880513e+02 1.1218044276e+01 5.1100000000e-01 6.4576940234e+00 0.0000000000e+00 1.4839342535e+00 2.3983357737e+01 2.3825300653e+00
2.0900000000e-01 0.0000000000e+00 2.0141284904e+02 5.5421390423e+01 9.3489880909e+00 -1.0450482091e+02 1.1371117940e+01 5.1100000000e-01 6.5393065609e+00 0.0000000000e+00 1.5103672154e+00 2.4132842284e+01 2.4115483092e+00
2.1000000000e-01 0.0000000000e+00 2.0240803138e+02 5.5813382577e+01 9.4672131347e+00 -1.0476224003e+02 1.1525678595e+01 5.1100000000e-01 6.6214289642e+00 0.0000000000e+00 1.5371521090e+00 2.4282768462e+01 2.4407901226e+00
2.1100000000e-01 0.0000000000e+00 2.0340360599e+02 5.6205917160e+01 9.5864241583e+00 -1.0502114078e+02 1.1681740058e+01 5.1100000000e-01 6.7040575348e+00 0.0000000000e+00 1.5642922257e+00 2.4433132635e+01 2.4702563585e+00
2.1200000000e-01 0.0000000000e+00 2.0439957339e+02 5.6598970742e+01 9.7066298001e+00 -1.0528160226e+02 1.1839315584e+01 5.1100000000e-01 6.7871884091e+00 0.0000000000e+00 1.5917922607e+00 2.4583931076e+01 2.4999478715e+00
2.1300000000e-01 0.0000000000e+00 2.0539593409e+02 5.6992519424e+01 9.8278296330e+00 -1.0554370429e+02 1.1998407241e+01 5.1100000000e-01 6.8708175475e+00 0.0000000000e+00 1.6196535919e+00 2.4735160046e+01 2.5298655187e+00
2.1400000000e-01 0.0000000000e+00 2.0639268858e+02 5.7386538831e+01 9.9500375605e+00 -1.0580752739e+02 1.2159040301e+01 5.1100000000e-01 6.9549407320e+00 0.0000000000e+00 1.6478820232e+00 2.4886815785e+01 2.5600101593e+00
2.1500000000e-01 0.0000000000e+00 2.0738983732e+02 5.7781004090e+01 1.0073242249e+01 -1.0607315278e+02 1.2321200061e+01 5.1100000000e-01 7.0395535628e+00 0.0000000000e+00 1.6764772369e+00 2.5038894496e+01 2.5903826546e+00
2.1600000000e-01 0.0000000000e+00 2.0838738073e+02 5.8175889747e+01 1.0197462622e+01 -1.0634066248e+02 1.2484918292e+01 5.1100000000e-01 7.1246514573e+00 0.0000000000e+00 1.7054454477e+00 2.5191392260e+01 2.6209838682e+00
2.1700000000e-01 0.0000000000e+00 2.0938531922e+02 5.8571169912e+01 1.0322697007e+01 -1.0661013914e+02 1.2650195670e+01 5.1100000000e-01 7.2102296473e+00 0.0000000000e+00 1.7347889177e+00 2.5344305178e+01 2.6518146659e+00
2.1800000000e-01 0.0000000000e+00 2.1038365319e+02 5.8966818159e+01 1.0448950376e+01 -1.0688166599e+02 1.2817042844e+01 5.1100000000e-01 7.2962831714e+00 0.0000000000e+00 1.7645106934e+00 2.5497629299e+01 2.6828759158e+00
2.1900000000e-01 0.0000000000e+00 2.1138238298e+02 5.9362807596e+01 1.0576238642e+01 -1.0715532686e+02 1.2985486356e+01 5.1100000000e-01 7.3828068873e+00 0.0000000000e+00 1.7946170366e+00 2.5651360622e+01 2.7141684883e+00
2.2000000000e-01 0.0000000000e+00 2.1238150891e+02 5.9759110689e+01 1.0704544495e+01 -1.0743120633e+02 1.3155503681e+01 5.1100000000e-01 7.4697954444e+00 0.0000000000e+00 1.8251065569e+00 2.5805495033e+01 2.7456932560e+00
2.2100000000e-01 0.0000000000e+00 2.1338103129e+02 6.0155699556e+01 1.0833894307e+01 -1.0770938933e+02 1.3327139145e+01 5.1100000000e-01 7.5572433091e+00 0.0000000000e+00 1.8559870255e+00 2.5960028475e+01 2.7774510939e+00
2.2200000000e-01 0.0000000000e+00 2.1438095039e+02 6.0552545636e+01 1.0964273251e+01 -1.0798996158e+02 1.3500370306e+01 5.1100000000e-01 7.6451447391e+00 0.0000000000e+00 1.8872574487e+00 2.6114956721e+01 2.8094428794e+00
2.2300000000e-01 0.0000000000e+00 2.1538126646e+02 6.0949620031e+01 1.1095708887e+01 -1.0827300899e+02 1.3675243221e+01 5.1100000000e-01 7.7334938057e+00 0.0000000000e+00 1.9189270440e+00 2.6270275611e+01 2.8416694921e+00
2.2400000000e-01 0.0000000000e+00 2.1638197970e+02 6.1346893137e+01 1.1228188948e+01 -1.0855861825e+02 1.3851746634e+01 5.1100000000e-01 7.8222843619e+00 0.0000000000e+00 1.9509949085e+00 2.6425980808e+01 2.8741318140e+00
2.2500000000e-01 0.0000000000e+00 2.1738309030e+02 6.1744334976e+01 1.1361723208e+01 -1.0884687642e+02 1.4029893594e+01 5.1100000000e-01 7.9115100679e+00 0.0000000000e+00 1.9834657254e+00 2.6582068008e+01 2.9068307297e+00
2.2600000000e-01 0.0000000000e+00 2.1838459842e+02 6.2141915041e+01 1.1496315010e+01 -1.0913787084e+02 1.4209693931e+01 5.1100000000e-01 8.0011643804e+00 0.0000000000e+00 2.0163429296e+00 2.6738532827e+01 2.9397671261e+00
2.2700000000e-01 0.0000000000e+00 2.1938650417e+02 6.2539602219e+01 1.1631973502e+01 -1.0943168952e+02 1.4391166202e+01 5.1100000000e-01 8.0912405355e+00 0.0000000000e+00 2.0496307559e+00 2.6895370785e+01 2.9729418924e+00
2.2800000000e-01 0.0000000000e+00 2.2038880765e+02 6.2937365015e+01 1.1768698200e+01 -1.0972842057e+02 1.4574312421e+01 5.1100000000e-01 8.1817315775e+00 0.0000000000e+00 2.0833317106e+00 2.7052577394e+01 3.0063559207e+00
2.2900000000e-01 0.0000000000e+00 2.2139150891e+02 6.3335171379e+01 1.1906505073e+01 -1.1002815257e+02 1.4759156592e+01 5.1100000000e-01 8.2726303327e+00 0.0000000000e+00 2.1174516331e+00 2.7210148093e+01 3.0400101050e+00
2.3000000000e-01 0.0000000000e+00 2.2239460800e+02 6.3732988724e+01 1.2045385177e+01 -1.1033097447e+02 1.4945693800e+01 5.1100000000e-01 8.3639294110e+00 0.0000000000e+00 2.1519915423e+00 2.7368078241e+01 3.0739053423e+00
2.3100000000e-01 0.0000000000e+00 2.2339810488e+02 6.4130784008e+01 1.2185353686e+01 -1.1063697543e+02 1.5133949101e+01 5.1100000000e-01 8.4556212238e+00 0.0000000000e+00 2.1869569037e+00 2.7526363126e+01 3.1080425320e+00
2.3200000000e-01 0.0000000000e+00 2.2440199954e+02 6.4528523714e+01 1.2326408743e+01 -1.1094624482e+02 1.5323920650e+01 5.1100000000e-01 8.5476979592e+00 0.0000000000e+00 2.2223497802e+00 2.7684998028e+01 3.1424225759e+00
2.3300000000e-01 0.0000000000e+00 2.2540629190e+02 6.4926173809e+01 1.2468562643e+01 -1.1125887233e+02 1.5515633884e+01 5.1100000000e-01 8.6401515967e+00 0.0000000000e+00 2.2581757414e+00 2.7843978115e+01 3.1770463785e+00
2.3400000000e-01 0.0000000000e+00 2.2641098185e+02 6.5323699796e+01 1.2611812087e+01 -1.1157494770e+02 1.5709082827e+01 5.1100000000e-01 8.7329738997e+00 0.0000000000e+00 2.2944366273e+00 2.8003298515e+01 3.2119148470e+00
2.3500000000e-01 0.0000000000e+00 2.2741606925e+02 6.5721066644e+01 1.2756169044e+01 -1.1189456109e+02 1.5904294756e+01 5.1100000000e-01 8.8261564138e+00 0.0000000000e+00 2.3311374723e+00 2.8162954245e+01 3.2470288910e+00
2.3600000000e-01 0.0000000000e+00 2.2842155392e+02 6.6118238962e+01 1.2901641029e+01 -1.1221780253e+02 1.6101280990e+01 5.1100000000e-01 8.9196904729e+00 0.0000000000e+00 2.3682830069e+00 2.8322940348e+01 3.2823894229e+00
2.3700000000e-01 0.0000000000e+00 2.2942743565e+02 6.6515180794e+01 1.3048223430e+01 -1.1254476230e+02 1.6300037852e+01 5.1100000000e-01 9.0135671997e+00 0.0000000000e+00 2.4058740539e+00 2.8483251681e+01 3.3179973577e+00
2.3800000000e-01 0.0000000000e+00 2.3043371419e+02 6.6911855807e+01 1.3195922821e+01 -1.1287553064e+02 1.6500581773e+01 5.1100000000e-01 9.1077774896e+00 0.0000000000e+00 2.4439155986e+00 2.8643883162e+01 3.3538536132e+00
2.3900000000e-01 0.0000000000e+00 2.3144038926e+02 6.7308227137e+01 1.3344753202e+01 -1.1321019797e+02 1.6702936824e+01 5.1100000000e-01 9.2023120295e+00 0.0000000000e+00 2.4824129627e+00 2.8804829524e+01 3.3899591098e+00
2.4000000000e-01 0.0000000000e+00 2.3244746053e+02 6.7704257574e+01 1.3494715896e+01 -1.1354885456e+02 1.6907105006e+01 5.1100000000e-01 9.2971612863e+00 0.0000000000e+00 2.5213691548e+00 2.8966085548e+01 3.4263147706e+00
2.4100000000e-01 0.0000000000e+00 2.3345492765e+02 6.8099909415e+01 1.3645814182e+01 -1.1389159078e+02 1.7113100081e+01 5.1100000000e-01 9.3923155196e+00 0.0000000000e+00 2.5607876722e+00 2.9127645848e+01 3.4629215215e+00
2.4200000000e-01 0.0000000000e+00 2.3446279021e+02 6.8495144528e+01 1.3798057836e+01 -1.1423849691e+02 1.7320937599e+01 5.1100000000e-01 9.4877647623e+00 0.0000000000e+00 2.6006734687e+00 2.9289505014e+01 3.4997802912e+00
2.4300000000e-01 0.0000000000e+00 2.3547104778e+02 6.8889924380e+01 1.3951439594e+01 -1.1458966311e+02 1.7530610874e+01 5.1100000000e-01 9.5834988406e+00 0.0000000000e+00 2.6410274836e+00 2.9451657547e+01 3.5368920113e+00
2.4400000000e-01 0.0000000000e+00 2.3647969989e+02 6.9284210039e+01 1.4105978479e+01 -1.1494517952e+02 1.7742154129e+01 5.1100000000e-01 9.6795073560e+00 0.0000000000e+00 2.6818568640e+00 2.9614097925e+01 3.5742576160e+00
2.4500000000e-01 0.0000000000e+00 2.3748874603e+02 6.9677962197e+01 1.4261677234e+01 -1.1530513601e+02 1.7955571655e+01 5.1100000000e-01 9.7757797111e+00 0.0000000000e+00 2.7231649048e+00 2.9776820519e+01 3.6118780425e+00
2.4600000000e-01 0.0000000000e+00 2.3849818563e+02 7.0071141091e+01 1.4418542395e+01 -1.1566962235e+02 1.8170880795e+01 5.1100000000e-01 9.8723050782e+00 0.0000000000e+00 2.7649563624e+00 2.9939819635e+01 3.6497542309e+00
2.4700000000e-01 0.0000000000e+00 2.3950801811e+02 7.0463706634e+01 1.4576564603e+01 -1.1603872807e+02 1.8388071005e+01 5.1100000000e-01 9.9690724320e+00 0.0000000000e+00 2.8072308272e+00 3.0103089500e+01 3.6878871240e+00
2.4800000000e-01 0.0000000000e+00 2.4051824283e+02 7.0855618354e+01 1.4735767746e+01 -1.1641254249e+02 1.8607180407e+01 5.1100000000e-01 1.0066070525e+01 0.0000000000e+00 2.8499972776e+00 3.0266624300e+01 3.7262776677e+00
2.4900000000e-01 0.0000000000e+00 2.4152885911e+02 7.1246835420e+01 1.4896157087e+01 -1.1679115465e+02 1.8828218790e+01 5.1100000000e-01 1.0163287906e+01 0.0000000000e+00 2.8932600191e+00 3.0430418126e+01 3.7649268108e+00
2.5000000000e-01 0.0000000000e+00 2.4253986625e+02 7.1637316634e+01 1.5057727950e+01 -1.1717465327e+02 1.9051188598e+01 5.1100000000e-01 1.0260712907e+01 0.0000000000e+00 2.9370201206e+00 3.0594465006e+01 3.8038355051e+00
2.5100000000e-01 0.0000000000e+00 2.4355126348e+02 7.2027020487e+01 1.5220486577e+01 -1.1756312676e+02 1.9276103720e+01 5.1100000000e-01 1.0358333664e+01 0.0000000000e+00 2.9812823864e+00 3.0758758877e+01 3.8430047052e+00
2.5200000000e-01 0.0000000000e+00 2.4456305002e+02 7.2415905203e+01 1.5384438629e+01 -1.1795666313e+02 1.9502970117e+01 5.1100000000e-01 1.0456138095e+01 0.0000000000e+00 3.0260508199e+00 3.0923293715e+01 3.8824353689e+00
2.5300000000e-01 0.0000000000e+00 2.4557522501e+02 7.2803928548e+01 1.5549594689e+01 -1.1835535011e+02 1.9731815059e+01 5.1100000000e-01 1.0554113917e+01 0.0000000000e+00 3.0713304107e+00 3.1088063264e+01 3.9221284571e+00
2.5400000000e-01 0.0000000000e+00 2.4658778757e+02 7.3191048114e+01 1.5715966695e+01 -1.1875927483e+02 1.9962651802e+01 5.1100000000e-01 1.0652248648e+01 0.0000000000e+00 3.1171271396e+00 3.1253061311e+01 3.9620849334e+00
2.5500000000e-01 0.0000000000e+00 2.4760073679e+02 7.3577221119e+01 1.5883543572e+01 -1.1916852419e+02 2.0195476220e+01 5.1100000000e-01 1.0750529597e+01 0.0000000000e+00 3.1634416196e+00 3.1418281523e+01 4.0023057649e+00
2.5600000000e-01 0.0000000000e+00 2.4861407169e+02 7.3962404533e+01 1.6052345345e+01 -1.1958318440e+02 2.0430318162e+01 5.1100000000e-01 1.0848943874e+01 0.0000000000e+00 3.2102813190e+00 3.1583717524e+01 4.0427919216e+00
2.5700000000e-01 0.0000000000e+00 2.4962779125e+02 7.4346555087e+01 1.6222357865e+01 -1.2000334132e+02 2.0667162674e+01 5.1100000000e-01 1.0947478404e+01 0.0000000000e+00 3.2576445738e+00 3.1749362853e+01 4.0835443766e+00
2.5800000000e-01 0.0000000000e+00 2.5064189444e+02 7.4729629215e+01 1.6393609955e+01 -1.2042908012e+02 2.0906058614e+01 5.1100000000e-01 1.1046119900e+01 0.0000000000e+00 3.3055431243e+00 3.1915211000e+01 4.1245641062e+00
2.5900000000e-01 0.0000000000e+00 2.5165638014e+02 7.5111583123e+01 1.6566106855e+01 -1.2086048554e+02 2.1147014502e+01 5.1100000000e-01 1.1144854886e+01 0.0000000000e+00 3.3539808875e+00 3.2081255379e+01 4.1658520900e+00
2.6000000000e-01 0.0000000000e+00 2.5267124721e+02 7.5492372746e+01 1.6739833096e+01 -1.2129764173e+02 2.1390011720e+01 5.1100000000e-01 1.1243669699e+01 0.0000000000e+00 3.4029555594e+00 3.2247489288e+01 4.2074093106e+00
2.6100000000e-01 0.0000000000e+00 2.5368649448e+02 7.5871953889e+01 1.6914808477e+01 -1.2174063211e+02 2.1635088614e+01 5.1100000000e-01 1.1342550483e+01 0.0000000000e+00 3.4524761424e+00 3.2413906061e+01 4.2492367540e+00
2.6200000000e-01 0.0000000000e+00 2.5470212070e+02 7.6250282058e+01 1.7091036182e+01 -1.2218953951e+02 2.1882250046e+01 5.1100000000e-01 1.1441483197e+01 0.0000000000e+00 3.5025464105e+00 3.2580498865e+01 4.2913354093e+00
2.6300000000e-01 0.0000000000e+00 2.5571812462e+02 7.6627312675e+01 1.7268527450e+01 -1.2264444602e+02 2.2131519186e+01 5.1100000000e-01 1.1540453618e+01 0.0000000000e+00 3.5531714602e+00 3.2747260898e+01 4.3337062690e+00
2.6400000000e-01 0.0000000000e+00 2.5673450488e+02 7.7003000833e+01 1.7447281766e+01 -1.2310543315e+02 2.2382898434e+01 5.1100000000e-01 1.1639447335e+01 0.0000000000e+00 3.6043547552e+00 3.2914185169e+01 4.3763503289e+00
2.6500000000e-01 0.0000000000e+00 2.5775126015e+02 7.7377301582e+01 1.7627309483e+01 -1.2357258161e+02 2.2636408879e+01 5.1100000000e-01 1.1738449767e+01 0.0000000000e+00 3.6561014117e+00 3.3081264727e+01 4.4192685881e+00
2.6600000000e-01 0.0000000000e+00 2.5876838901e+02 7.7750169761e+01 1.7808608135e+01 -1.2404597128e+02 2.2892051412e+01 5.1100000000e-01 1.1837446144e+01 0.0000000000e+00 3.7084145806e+00 3.3248492527e+01 4.4624620491e+00
2.6700000000e-01 0.0000000000e+00 2.5978589000e+02 7.8121560070e+01 1.7991185092e+01 -1.2452568140e+02 2.3149840560e+01 5.1100000000e-01 1.1936421541e+01 0.0000000000e+00 3.7612987374e+00 3.3415861415e+01 4.5059317176e+00
2.6800000000e-01 0.0000000000e+00 2.6080376162e+02 7.8491427111e+01 1.8175062272e+01 -1.2501179028e+02 2.3409816950e+01 5.1100000000e-01 1.2035360845e+01 0.0000000000e+00 3.8147619989e+00 3.3583364255e+01 4.5496786029e+00
2.6900000000e-01 0.0000000000e+00 2.6182200233e+02 7.8859725345e+01 1.8360226578e+01 -1.2550437542e+02 2.3671960081e+01 5.1100000000e-01 1.2134248787e+01 0.0000000000e+00 3.8688047386e+00 3.3750993795e+01 4.5937037178e+00
2.7000000000e-01 0.0000000000e+00 2.6284061053e+02 7.9226409119e+01 1.8546695920e+01 -1.2600351352e+02 2.3936307118e+01 5.1100000000e-01 1.2233069931e+01 0.0000000000e+00 3.9234341053e+00 3.3918742708e+01 4.6380080783e+00
2.7100000000e-01 0.0000000000e+00 2.6385958459e+02 7.9591432731e+01 1.8734472002e+01 -1.2650928033e+02 2.4202858972e+01 5.1100000000e-01 1.2331808679e+01 0.0000000000e+00 3.9786541213e+00 3.4086603658e+01 4.6825927041e+00
2.7200000000e-01 0.0000000000e+00 2.6487892283e+02 7.9954750369e+01 1.8923554985e+01 -1.2702175067e+02 2.4471628422e+01 5.1100000000e-01 1.2430449274e+01 0.0000000000e+00 4.0344678234e+00 3.4254569215e+01 4.7274586183e+00
2.7300000000e-01 0.0000000000e+00 2.6589862351e+02 8.0316316191e+01 1.9113962447e+01 -1.2754099848e+02 2.4742642637e+01 5.1100000000e-01 1.2528975811e+01 0.0000000000e+00 4.0908835567e+00 3.4422631903e+01 4.7726068475e+00
2.7400000000e-01 0.0000000000e+00 2.6691868487e+02 8.0676084285e+01 1.9305692901e+01 -1.2806709675e+02 2.5015900664e+01 5.1100000000e-01 1.2627372226e+01 0.0000000000e+00 4.1479018915e+00 3.4590784189e+01 4.8180384222e+00
2.7500000000e-01 0.0000000000e+00 2.6793910507e+02 8.1034008649e+01 1.9498750142e+01 -1.2860011748e+02 2.5291416423e+01 5.1100000000e-01 1.2725622312e+01 0.0000000000e+00 4.2055282089e+00 3.4759018422e+01 4.8637543760e+00
2.7600000000e-01 0.0000000000e+00 2.6895988224e+02 8.1390043348e+01 1.9693149585e+01 -1.2914013163e+02 2.5569218391e+01 5.1100000000e-01 1.2823709719e+01 0.0000000000e+00 4.2637705601e+00 3.4927326974e+01 4.9097557465e+00
2.7700000000e-01 0.0000000000e+00 2.6998101451e+02 8.1744142450e+01 1.9888888153e+01 -1.2968720906e+02 2.5849305470e+01 5.1100000000e-01 1.2921617952e+01 0.0000000000e+00 4.3226306983e+00 3.5095702189e+01 4.9560435748e+00
2.7800000000e-01 0.0000000000e+00 2.7100249987e+02 8.2096259922e+01 2.0085975241e+01 -1.3024141882e+02 2.6131701646e+01 5.1100000000e-01 1.3019330386e+01 0.0000000000e+00 4.3821140376e+00 3.5264136231e+01 5.0026189056e+00
2.7900000000e-01 0.0000000000e+00 2.7202433635e+02 8.2446349838e+01 2.0284431304e+01 -1.3080282871e+02 2.6416430934e+01 5.1100000000e-01 1.3116830255e+01 0.0000000000e+00 4.4422298330e+00 3.5432621326e+01 5.0494827875e+00
2.8000000000e-01 0.0000000000e+00 2.7304652188e+02 8.2794366266e+01 2.0484230161e+01 -1.3137150544e+02 2.6703472354e+01 5.1100000000e-01 1.3214100670e+01 0.0000000000e+00 4.5029725329e+00 3.5601149588e+01 5.0966362726e+00
2.8100000000e-01 0.0000000000e+00 2.7406905438e+02 8.3140263316e+01 2.0685411128e+01 -1.3194751467e+02 2.6992877770e+01 5.1100000000e-01 1.3311124612e+01 0.0000000000e+00 4.5643584084e+00 3.5769713095e+01 5.1440804170e+00
2.8200000000e-01 0.0000000000e+00 2.7509193169e+02 8.3483995148e+01 2.0887961649e+01 -1.3253092094e+02 2.7284644355e+01 5.1100000000e-01 1.3407884946e+01 0.0000000000e+00 4.6263857521e+00 3.5938303850e+01 5.1918162804e+00
2.8300000000e-01 0.0000000000e+00 2.7611515163e+02 8.3825516068e+01 2.1091898167e+01 -1.3312178753e+02 2.7578792747e+01 5.1100000000e-01 1.3504364416e+01 0.0000000000e+00 4.6890623650e+00 3.6106913892e+01 5.2398449264e+00
2.8400000000e-01 0.0000000000e+00 2.7713871197e+02 8.4164780330e+01 2.1297224979e+01 -1.3372017672e+02 2.7875338414e+01 5.1100000000e-01 1.3600545645e+01 0.0000000000e+00 4.7523932254e+00 3.6275535101e+01 5.2881674224e+00
2.8500000000e-01 0.0000000000e+00 2.7816261042e+02 8.4501742396e+01 2.1503943417e+01 -1.3432614950e+02 2.8174290325e+01 5.1100000000e-01 1.3696411161e+01 0.0000000000e+00 4.8163818162e+00 3.6444159373e+01 5.3367848398e+00
2.8600000000e-01 0.0000000000e+00 2.7918684467e+02 8.4836356804e+01 2.1712060311e+01 -1.3493976560e+02 2.8475659518e+01 5.1100000000e-01 1.3791943377e+01 0.0000000000e+00 4.8810336336e+00 3.6612778562e+01 5.3856982538e+00
2.8700000000e-01 0.0000000000e+00 2.8021141234e+02 8.5168578223e+01 2.1921588016e+01 -1.3556108363e+02 2.8779472447e+01 5.1100000000e-01 1.3887124609e+01 0.0000000000e+00 4.9463541849e+00 3.6781384462e+01 5.4349087434e+00
2.8800000000e-01 0.0000000000e+00 2.8123631101e+02 8.5498361366e+01 2.2132518622e+01 -1.3619016096e+02 2.9085723917e+01 5.1100000000e-01 1.3981937063e+01 0.0000000000e+00 5.0123451347e+00 3.6949968788e+01 5.4844173918e+00
2.8900000000e-01 0.0000000000e+00 2.8226153824e+02 8.5825661256e+01 2.2344886288e+01 -1.3682705363e+02 2.9394466856e+01 5.1100000000e-01 1.4076362867e+01 0.0000000000e+00 5.0790202193e+00 3.7118523308e+01 5.5342252861e+00
2.9000000000e-01 0.0000000000e+00 2.8328709149e+02 8.6150432919e+01 2.2558660063e+01 -1.3747181649e+02 2.9705664055e+01 5.1100000000e-01 1.4170384056e+01 0.0000000000e+00 5.1463734112e+00 3.7287039624e+01 5.5843335173e+00
2.9100000000e-01 0.0000000000e+00 2.8431296824e+02 8.6472631668e+01 2.2773892760e+01 -1.3812450301e+02 3.0019392443e+01 5.1100000000e-01 1.4263982573e+01 0.0000000000e+00 5.2144230047e+00 3.7455509425e+01 5.6347431807e+00
2.9200000000e-01 0.0000000000e+00 2.8533916588e+02 8.6792212920e+01 2.2990546288e+01 -1.3878516540e+02 3.0335608244e+01 5.1100000000e-01 1.4357140289e+01 0.0000000000e+00 5.2831616368e+00 3.7623924259e+01 5.6854553755e+00
2.9300000000e-01 0.0000000000e+00 2.8636568178e+02 8.7109132335e+01 2.3208669625e+01 -1.3945385460e+02 3.0654384475e+01 5.1100000000e-01 1.4449838992e+01 0.0000000000e+00 5.3526069666e+00 3.7792275706e+01 5.7364712050e+00
2.9400000000e-01 0.0000000000e+00 2.8739251325e+02 8.7423345773e+01 2.3428228862e+01 -1.4013062016e+02 3.0975681183e+01 5.1100000000e-01 1.4542060406e+01 0.0000000000e+00 5.4227511297e+00 3.7960555278e+01 5.7877917767e+00
2.9500000000e-01 0.0000000000e+00 2.8841965756e+02 8.7734809257e+01 2.3649243923e+01 -1.4081551028e+02 3.1299531544e+01 5.1100000000e-01 1.4633786172e+01 0.0000000000e+00 5.4936052551e+00 3.8128754437e+01 5.8394182023e+00
2.9600000000e-01 0.0000000000e+00 2.8944711194e+02 8.8043479131e+01 2.3871740319e+01 -1.4150857183e+02 3.1625976674e+01 5.1100000000e-01 1.4724997886e+01 0.0000000000e+00 5.5651798223e+00 3.8296864651e+01 5.8913515977e+00
2.9700000000e-01 0.0000000000e+00 2.9047487357e+02 8.8349311910e+01 2.4095703023e+01 -1.4220985033e+02 3.1955000255e+01 5.1100000000e-01 1.4815677071e+01 0.0000000000e+00 5.6374720223e+00 3.8464877326e+01 5.9435930828e+00
2.9800000000e-01 0.0000000000e+00 2.9150293960e+02 8.8652264437e+01 2.4321148834e+01 -1.4291938984e+02 3.2286633316e+01 5.1100000000e-01 1.4905805204e+01 0.0000000000e+00 5.7104928601e+00 3.8632783886e+01 5.9961437822e+00
2.9900000000e-01 0.0000000000e+00 2.9253130712e+02 8.8952293738e+01 2.4548080830e+01 -1.4363723305e+02 3.2620890744e+01 5.1100000000e-01 1.4995363706e+01 0.0000000000e+00 5.7842442547e+00 3.8800575657e+01 6.0490048245e+00
3.0000000000e-01 0.0000000000e+00 2.9355997320e+02 8.9249357188e+01 2.4776516009e+01 -1.4436342125e+02 3.2957791995e+01 5.1100000000e-01 1.5084333956e+01 0.0000000000e+00 5.8587365652e+00 3.8968244003e+01 6.1021773426e+00
3.0100000000e-01 0.0000000000e+00 2.9458893483e+02 8.9543412343e+01 2.5006452343e+01 -1.4509799445e+02 3.3297352199e+01 5.1100000000e-01 1.5172697283e+01 0.0000000000e+00 5.9339724036e+00 3.9135780174e+01 6.1556624740e+00
3.0200000000e-01 0.0000000000e+00 2.9561818901e+02 8.9834417216e+01 2.5237884721e+01 -1.4584099093e+02 3.3639566185e+01 5.1100000000e-01 1.5260434993e+01 0.0000000000e+00 6.0099523573e+00 3.9303175518e+01 6.2094613602e+00
3.0300000000e-01 0.0000000000e+00 2.9664773264e+02 9.0122329995e+01 2.5470837463e+01 -1.4659244781e+02 3.3984468603e+01 5.1100000000e-01 1.5347528349e+01 0.0000000000e+00 6.0866881700e+00 3.9470421251e+01 6.2635751476e+00
3.0400000000e-01 0.0000000000e+00 2.9767756263e+02 9.0407109269e+01 2.5705332131e+01 -1.4735240060e+02 3.4332103796e+01 5.1100000000e-01 1.5433958593e+01 0.0000000000e+00 6.1641909312e+00 3.9637508635e+01 6.3180049868e+00
3.0500000000e-01 0.0000000000e+00 2.9870767580e+02 9.0688713880e+01 2.5941350088e+01 -1.4812088349e+02 3.4682451570e+01 5.1100000000e-01 1.5519706930e+01 0.0000000000e+00 6.2424568601e+00 3.9804428862e+01 6.3727520328e+00
3.0600000000e-01 0.0000000000e+00 2.9973806898e+02 9.0967103091e+01 2.6178891548e+01 -1.4889792905e+02 3.5035512493e+01 5.1100000000e-01 1.5604754566e+01 0.0000000000e+00 6.3214899541e+00 3.9971173137e+01 6.4278174453e+00
3.0700000000e-01 0.0000000000e+00 3.0076873893e+02 9.1242236471e+01 2.6417991188e+01 -1.4968356847e+02 3.5391346973e+01 5.1100000000e-01 1.5689082669e+01 0.0000000000e+00 6.4013047189e+00 4.0137732662e+01 6.4832023886e+00
3.0800000000e-01 0.0000000000e+00 3.0179968235e+02 9.1514073917e+01 2.6658643515e+01 -1.5047783151e+02 3.5749955304e+01 5.1100000000e-01 1.5772672416e+01 0.0000000000e+00 6.4819034852e+00 4.0304098539e+01 6.5389080313e+00
3.0900000000e-01 0.0000000000e+00 3.0283089595e+02 9.1782575797e+01 2.6900843185e+01 -1.5128074630e+02 3.6111324782e+01 5.1100000000e-01 1.5855504966e+01 0.0000000000e+00 6.5632865518e+00 4.0470261990e+01 6.5949355470e+00
3.1000000000e-01 0.0000000000e+00 3.0386237638e+02 9.2047702795e+01 2.7144631366e+01 -1.5209233956e+02 3.6475534278e+01 5.1100000000e-01 1.5937561483e+01 0.0000000000e+00 6.6454728766e+00 4.0636214141e+01 6.6512861137e+00
3.1100000000e-01 0.0000000000e+00 3.0489412022e+02 9.2309415931e+01 2.7389972744e+01 -1.5291263657e+02 3.6842532914e+01 5.1100000000e-01 1.6018823131e+01 0.0000000000e+00 6.7284519209e+00 4.0801946055e+01 6.7079609142e+00
3.1200000000e-01 0.0000000000e+00 3.0592612406e+02 9.2567676736e+01 2.7636914398e+01 -1.5374166102e+02 3.7212395561e+01 5.1100000000e-01 1.6099271083e+01 0.0000000000e+00 6.8122440279e+00 4.0967448906e+01 6.7649611359e+00
3.1300000000e-01 0.0000000000e+00 3.0695838441e+02 9.2822447073e+01 2.7885428101e+01 -1.5457943508e+02 3.7585087531e+01 5.1100000000e-01 1.6178886520e+01 0.0000000000e+00 6.8968444354e+00 4.1132713782e+01 6.8222879712e+00
3.1400000000e-01 0.0000000000e+00 3.0799089778e+02 9.3073689241e+01 2.8135558287e+01 -1.5542597948e+02 3.7960684861e+01 5.1100000000e-01 1.6257650644e+01 0.0000000000e+00 6.9822691055e+00 4.1297731777e+01 6.8799426171e+00
3.1500000000e-01 0.0000000000e+00 3.0902366060e+02 9.3321365945e+01 2.8387269437e+01 -1.5628131338e+02 3.8339131959e+01 5.1100000000e-01 1.6335544668e+01 0.0000000000e+00 7.0685122638e+00 4.1462493982e+01 6.9379262756e+00
3.1600000000e-01 0.0000000000e+00 3.1005666931e+02 9.3565440397e+01 2.8640611203e+01 -1.5714545441e+02 3.8720514541e+01 5.1100000000e-01 1.6412549851e+01 0.0000000000e+00 7.1555915989e+00 4.1626991501e+01 6.9962401533e+00
3.1700000000e-01 0.0000000000e+00 3.1108992027e+02 9.3805876094e+01 2.8895559853e+01 -1.5801841879e+02 3.9104804407e+01 5.1100000000e-01 1.6488647454e+01 0.0000000000e+00 7.2435044078e+00 4.1791215357e+01 7.0548854620e+00
3.1800000000e-01 0.0000000000e+00 3.1212340984e+02 9.4042637204e+01 2.9152158453e+01 -1.5890022101e+02 3.9492067109e+01 5.1100000000e-01 1.6563818790e+01 0.0000000000e+00 7.3322684119e+00 4.1955156732e+01 7.1138634182e+00
3.1900000000e-01 0.0000000000e+00 3.1315713431e+02 9.4275688104e+01 2.9410375589e+01 -1.5979087425e+02 3.9882265485e+01 5.1100000000e-01 1.6638045193e+01 0.0000000000e+00 7.4218758132e+00 4.2118806620e+01 7.1731752437e+00
3.2000000000e-01 0.0000000000e+00 3.1419108996e+02 9.4504993856e+01 2.9670224896e+01 -1.6069038999e+02 4.0275423552e+01 5.1100000000e-01 1.6711308071e+01 0.0000000000e+00 7.5123375430e+00 4.2282156135e+01 7.2328221650e+00
