# n,  x, eps, mun, mun_std, mup, mup_std,  mue, P, P_e, P_std, E, E_std
0.0000000000e+00 9.6161694427e-02 0.0000000000e+00 nan nan nan nan 5.1100000000e-01 nan 0.0000000000e+00 nan -3.5266049188e-05 0.0000000000e+00
1.0000000000e-03 1.8500427966e-03 9.4033043879e-01 1.2809408059e+00 2.4900693344e-05 -2.4325732297e+00 2.6759725030e-05 7.5115229789e+00 5.0623974646e-04 3.4503102786e-06 1.7480532117e-08 7.6783089953e-01 7.4314271571e-06
2.0000000000e-03 7.2887541480e-04 1.8814887738e+00 1.8617746915e+00 1.2636119841e-04 -4.2968966819e+00 1.3589781434e-04 6.9406713734e+00 1.3539128979e-03 2.5091349944e-06 1.7790222626e-07 1.1803293384e+00 3.7638082438e-05
3.0000000000e-03 1.1801451702e-03 2.8231205801e+00 2.2946984114e+00 3.2681718722e-04 -6.2415233359e+00 3.5110731680e-04 9.3182217473e+00 2.4237154109e-03 8.2107280961e-06 6.9128280584e-07 1.4767192936e+00 9.7120005454e-05
4.0000000000e-03 1.6972542336e-03 3.7651353142e+00 2.6697792207e+00 6.4178751562e-04 -8.1187453580e+00 6.8877223039e-04 1.1570524579e+01 3.7217810232e-03 1.9580983159e-05 1.8124575774e-06 1.7210230958e+00 1.9031377391e-04
5.0000000000e-03 2.2488949562e-03 4.7074849502e+00 3.0128029431e+00 1.0837152833e-03 -9.8911841889e+00 1.1618903218e-03 1.3685987132e+01 5.2444268759e-03 3.8392817494e-05 3.8301878171e-06 1.9348978564e+00 3.2072219407e-04
6.0000000000e-03 2.8138744766e-03 5.6501387371e+00 3.3332182559e+00 1.6632579916e-03 -1.1553850804e+01 1.7815379532e-03 1.5669069060e+01 6.9774003714e-03 6.6031032408e-05 7.0618086704e-06 2.1284278503e+00 4.9130875000e-04
7.0000000000e-03 3.3783447561e-03 6.5930733057e+00 3.6349907156e+00 2.3898738204e-03 -1.3112880866e+01 2.5575191594e-03 1.7529871582e+01 8.8999913636e-03 1.0350667688e-04 1.1849854578e-05 2.3069832938e+00 7.0467619607e-04
8.0000000000e-03 3.9336752527e-03 7.5362690201e+00 3.9200928286e+00 3.2721523572e-03 -1.4577989816e+01 3.4987229126e-03 1.9280082645e+01 1.0988909039e-02 1.5152371358e-04 1.8559717246e-05 2.4737137488e+00 9.6316704690e-04
9.0000000000e-03 4.4748384850e-03 8.4797084846e+00 4.1897774910e+00 4.3180307162e-03 -1.5959523355e+01 4.6133685491e-03 2.0931300846e+01 1.3220955302e-02 2.1055640471e-04 2.7578018604e-05 2.6306175905e+00 1.2689259582e-03
1.0000000000e-02 4.9992356214e-03 9.4233758938e+00 4.4450648790e+00 5.5349204621e-03 -1.7267284000e+01 5.9091339825e-03 2.2494348879e+01 1.5574663426e-02 2.8091914415e-04 3.9311195252e-05 2.7790533884e+00 1.6239411152e-03
1.1000000000e-02 5.5058660249e-03 1.0367256735e+01 4.6869232200e+00 6.9298068851e-03 -1.8510103187e+01 7.3932640722e-03 2.3979026407e+01 1.8031193758e-02 3.6282267144e-04 5.4184443792e-05 2.9200040679e+00 2.0300731034e-03
1.2000000000e-02 5.9947509018e-03 1.1311337644e+01 4.9163253136e+00 8.5093216960e-03 -1.9695738811e+01 9.0726477007e-03 2.5394064124e+01 2.0574727056e-02 4.5641627939e-04 7.2640869403e-05 3.0542215320e+00 2.4890758796e-03
1.3000000000e-02 6.4665387671e-03 1.2255606325e+01 5.1342549107e+00 1.0279800348e-02 -2.0830914015e+01 1.0953874583e-02 2.6747168925e+01 2.3192530520e-02 5.6181786704e-04 9.5140756583e-05 3.1823093300e+00 3.0026125341e-03
1.4000000000e-02 6.9222387877e-03 1.3200051497e+01 5.3416947859e+00 1.2247312627e-02 -2.1921412763e+01 1.3043269867e-02 2.8045107549e+01 2.5874818839e-02 6.7913430614e-04 1.2216084518e-04 3.3047716997e+00 3.5722674937e-03
1.5000000000e-02 7.3630430242e-03 1.4144662844e+01 5.5396099763e+00 1.4417701731e-02 -2.2972192884e+01 1.5346928939e-02 2.9293802861e+01 2.8614494654e-02 8.0847447452e-04 1.5419379038e-04 3.4220433682e+00 4.1995562145e-03
1.6000000000e-02 7.7902099534e-03 1.5089430967e+01 5.7289320364e+00 1.6796624508e-02 -2.3987498132e+01 1.7870766847e-02 3.0498430169e+01 3.1406825690e-02 9.4995693354e-04 1.9174791190e-04 3.5345082007e+00 4.8859330581e-03
1.7000000000e-02 8.2049901260e-03 1.6034347334e+01 5.9105462924e+00 1.9389534942e-02 -2.4970961606e+01 2.0620488606e-02 3.1663507899e+01 3.4249097238e-02 1.1037138392e-03 2.3534617776e-04 3.6425110462e+00 5.6327978172e-03
1.8000000000e-02 8.6085804033e-03 1.6979404223e+01 6.0852827035e+00 2.2201751730e-02 -2.5925697329e+01 2.3601667837e-02 3.2792980033e+01 3.7140265798e-02 1.2698922605e-03 2.8552653224e-04 3.7463655082e+00 6.4415012152e-03
1.9000000000e-02 9.0020975765e-03 1.7924594668e+01 6.2539099696e+00 2.5238433323e-02 -2.6854379781e+01 2.6819720015e-02 3.3890289750e+01 4.0080629950e-02 1.4486537980e-03 3.4284088507e-04 3.8463590752e+00 7.3133496086e-03
2.0000000000e-02 9.3865649543e-03 1.8869912398e+01 6.4171325636e+00 2.8504610062e-02 -2.7759311919e+01 3.0279924735e-02 3.4958444483e+01 4.3071528413e-02 1.6401731447e-03 4.0785519899e-04 3.9427567269e+00 8.2496090587e-03
2.1000000000e-02 9.7629074824e-03 1.9815351780e+01 6.5755899968e+00 3.2005216100e-02 -2.8642482968e+01 3.3987491734e-02 3.6000072966e+01 4.6115070782e-02 1.8446360395e-03 4.8114958225e-04 4.0358034572e+00 9.2515088935e-03
2.2000000000e-02 1.0131952323e-02 2.0760907763e+01 6.7298578910e+00 3.5745049101e-02 -2.9505617124e+01 3.7947473322e-02 3.7017475014e+01 4.9213902846e-02 2.0622369193e-03 5.6331685160e-04 4.1257262018e+00 1.0320244852e-02
2.3000000000e-02 1.0494432922e-02 2.1706575819e+01 6.8804503601e+00 3.9728837303e-02 -3.0350214597e+01 4.2164876111e-02 3.8012664957e+01 5.2371007289e-02 2.2931765121e-03 6.5496384342e-04 4.2127353271e+00 1.1456981879e-02
2.4000000000e-02 1.0850995002e-02 2.2652351893e+01 7.0278232923e+00 4.3961176464e-02 -3.1177586017e+01 4.6644541448e-02 3.8987409309e+01 5.5589537485e-02 2.5376594761e-03 7.5670930558e-04 4.2970258583e+00 1.2662856626e-02
2.5000000000e-02 1.1202203713e-02 2.3598232353e+01 7.1723783160e+00 4.8446622350e-02 -3.1988881302e+01 5.1391321886e-02 3.9943259618e+01 5.8872683471e-02 2.7958922241e-03 8.6918589656e-04 4.3787785692e+00 1.3938979701e-02
2.6000000000e-02 1.1548551131e-02 2.4544213945e+01 7.3144670832e+00 5.3189661678e-02 -3.2785113820e+01 5.6409977227e-02 4.0881580902e+01 6.2223566022e-02 3.0680809416e-03 9.9303898305e-04 4.4581609450e+00 1.5286437694e-02
2.7000000000e-02 1.1890463816e-02 2.5490293748e+01 7.4543957120e+00 5.8194665584e-02 -3.3567180680e+01 6.1705172303e-02 4.1803576392e+01 6.5645157476e-02 3.3544298621e-03 1.1289255671e-03 4.5353280135e+00 1.6706295021e-02
2.8000000000e-02 1.2228310112e-02 2.6436469137e+01 7.5924293231e+00 6.3465960159e-02 -3.4335879681e+01 6.7281522316e-02 4.2710309004e+01 6.9140224028e-02 3.6551397960e-03 1.2775156324e-03 4.6104232428e+00 1.8199595585e-02
2.9000000000e-02 1.2562407030e-02 2.7382737747e+01 7.7287964415e+00 6.9007817371e-02 -3.5091923531e+01 7.3143594273e-02 4.3602719973e+01 7.2711289545e-02 3.9704069106e-03 1.4394909023e-03 4.6835792815e+00 1.9767364300e-02
3.0000000000e-02 1.2893026663e-02 2.8329097441e+01 7.8636932233e+00 7.4824500139e-02 -3.5835951830e+01 7.9295986244e-02 4.4481645052e+01 7.6360614600e-02 4.3004217670e-03 1.6155476756e-03 4.7549187145e+00 2.1410608472e-02
3.1000000000e-02 1.3220402049e-02 2.9275546285e+01 7.9972875014e+00 8.0920104161e-02 -3.6568541069e+01 8.5743092223e-02 4.5347828570e+01 8.0090191114e-02 4.6453685857e-03 1.8063899167e-03 4.8245547779e+00 2.3130319061e-02
3.2000000000e-02 1.3544732494e-02 3.0222082519e+01 8.1297225566e+00 8.7298843297e-02 -3.7290213070e+01 9.2489455864e-02 4.6201935627e+01 8.3901747823e-02 5.0054247274e-03 2.0127392404e-03 4.8925920592e+00 2.4927471831e-02
3.3000000000e-02 1.3866188400e-02 3.1168704538e+01 8.2611205770e+00 9.3964697937e-02 -3.8001442152e+01 9.9539389289e-02 4.7044562730e+01 8.7796766065e-02 5.3807603928e-03 2.2353232562e-03 4.9591271037e+00 2.6803028406e-02
3.4000000000e-02 1.4184915485e-02 3.2115410872e+01 8.3915858900e+00 1.0092179595e-01 -3.8702661021e+01 1.0689737498e-01 4.7876246910e+01 9.1776502208e-02 5.7715384505e-03 2.4748868075e-03 5.0242490893e+00 2.8757937227e-02
3.5000000000e-02 1.4501038669e-02 3.3062200169e+01 8.5212078432e+00 1.0817403026e-01 -3.9394265942e+01 1.1456767661e-01 4.8697473786e+01 9.5842016661e-02 6.1779144953e-03 2.7321808331e-03 5.0880403718e+00 3.0793134429e-02
3.6000000000e-02 1.4814665377e-02 3.4009071181e+01 8.6500634130e+00 1.1572556175e-01 -4.0076620994e+01 1.2255481864e-01 4.9508684406e+01 9.9994205992e-02 6.6000369754e-03 3.0079783502e-03 5.1505770554e+00 3.2909544651e-02
3.7000000000e-02 1.5125888576e-02 3.4956022754e+01 8.7782195698e+00 1.2358012898e-01 -4.0750061762e+01 1.3086286815e-01 5.0310281332e+01 1.0423383938e-01 7.0380475171e-03 3.3030505373e-03 5.2119295109e+00 3.5108081756e-02
3.8000000000e-02 1.5434789284e-02 3.5903053816e+01 8.9057352845e+00 1.3174170759e-01 -4.1414898441e+01 1.3949627228e-01 5.1102633725e+01 1.0856159400e-01 7.4920812608e-03 3.6181883483e-03 5.2721628537e+00 3.7389649511e-02
3.9000000000e-02 1.5741438901e-02 3.6850163366e+01 9.0326634408e+00 1.4021417732e-01 -4.2071418489e+01 1.4845924950e-01 5.1886081930e+01 1.1297809488e-01 7.9622673791e-03 3.9541945927e-03 5.3313374298e+00 3.9755142192e-02
4.0000000000e-02 1.6045901107e-02 3.7797350474e+01 9.1590523208e+00 1.4900136994e-01 -4.2719888965e+01 1.5775600605e-01 5.2660941285e+01 1.1748395035e-01 8.4487295854e-03 4.3118797674e-03 5.3895092006e+00 4.2205445142e-02
4.1000000000e-02 1.6348233589e-02 3.8744614268e+01 9.2849470204e+00 1.5810720446e-01 -4.3360558505e+01 1.6739105165e-01 5.3427505525e+01 1.2207978938e-01 8.9515867620e-03 4.6920731877e-03 5.4467301601e+00 4.4741435283e-02
4.2000000000e-02 1.6648489467e-02 3.9691953933e+01 9.4103906408e+00 1.6753539803e-01 -4.3993659006e+01 1.7736833520e-01 5.4186049646e+01 1.2676629674e-01 9.4709535956e-03 5.0956061224e-03 5.5030487222e+00 4.7363981575e-02
4.3000000000e-02 1.6946718497e-02 4.0639368709e+01 9.5354251785e+00 1.7728983902e-01 -4.4619407191e+01 1.8769231538e-01 5.4936832370e+01 1.3154424471e-01 1.0006941236e-02 5.5233315716e-03 5.5585099973e+00 5.0073945445e-02
4.4000000000e-02 1.7242968158e-02 4.1586857884e+01 9.6600924558e+00 1.8737410351e-01 -4.5238005874e+01 1.9836692953e-01 5.5680098329e+01 1.3641452561e-01 1.0559658029e-02 5.9761008435e-03 5.6131561670e+00 5.2872181168e-02
4.5000000000e-02 1.7537284450e-02 4.2534420796e+01 9.7844346954e+00 1.9779202725e-01 -4.5849645138e+01 2.0939659056e-01 5.6416079834e+01 1.4137817785e-01 1.1129210178e-02 6.4547877697e-03 5.6670267268e+00 5.5759536230e-02
4.6000000000e-02 1.7829712657e-02 4.3482056827e+01 9.9084951077e+00 2.0854751835e-01 -4.6454503377e+01 2.2078560090e-01 5.7144998484e+01 1.4643641287e-01 1.1715702487e-02 6.9602817270e-03 5.7201587604e+00 5.8736851640e-02
4.7000000000e-02 1.8120297928e-02 4.4429765409e+01 1.0032318294e+01 2.1964406747e-01 -4.7052748204e+01 2.3253795885e-01 5.7867066498e+01 1.5159063652e-01 1.2319239063e-02 7.4934679584e-03 5.7725871897e+00 6.1804962233e-02
4.8000000000e-02 1.8409085713e-02 4.5377546017e+01 1.0155950519e+01 2.3108551250e-01 -4.7644537300e+01 2.4465800644e-01 5.8582487820e+01 1.5684246810e-01 1.2939923979e-02 8.0552570490e-03 5.8243449662e+00 6.4964696938e-02
4.9000000000e-02 1.8696122127e-02 4.6325398170e+01 1.0279439965e+01 2.4287552660e-01 -4.8230019110e+01 2.5714992341e-01 5.9291459076e+01 1.6219375862e-01 1.3577861946e-02 8.6465641232e-03 5.8754632661e+00 6.8216879029e-02
5.0000000000e-02 1.8981454327e-02 4.7273321434e+01 1.0402836865e+01 2.5501772561e-01 -4.8809333625e+01 2.7001780182e-01 5.9994170490e+01 1.6764660227e-01 1.4233159046e-02 9.2683177207e-03 5.9259717096e+00 7.1562326348e-02
5.1000000000e-02 1.9265130547e-02 4.8221315421e+01 1.0526193519e+01 2.6751577263e-01 -4.9382612872e+01 2.8326595942e-01 6.0690806388e+01 1.7320334847e-01 1.4905923200e-02 9.9214543556e-03 5.9758984554e+00 7.5001851527e-02
5.2000000000e-02 1.9547200360e-02 4.9169379787e+01 1.0649564388e+01 2.8037338536e-01 -4.9949981512e+01 2.9689850327e-01 6.1381545900e+01 1.7886660947e-01 1.5596264870e-02 1.0606931447e-02 6.0252704325e+00 7.8536262177e-02
5.3000000000e-02 1.9827714758e-02 5.0117514234e+01 1.0773005891e+01 2.9359406612e-01 -5.0511557541e+01 3.1091943757e-01 6.2066563433e+01 1.8463926416e-01 1.6304297618e-02 1.1325700239e-02 6.0741133471e+00 8.2166361063e-02
5.4000000000e-02 2.0106726079e-02 5.1065718512e+01 1.0896576489e+01 3.0718168483e-01 -5.1067452462e+01 3.2533344852e-01 6.2746028951e+01 1.9052446362e-01 1.7030138507e-02 1.2078752834e-02 6.1224519242e+00 8.5892946295e-02
5.5000000000e-02 2.0384288170e-02 5.2013992418e+01 1.1020336426e+01 3.2113972256e-01 -5.1617772047e+01 3.4014433053e-01 6.3420108473e+01 1.9652562815e-01 1.7773908773e-02 1.2867063356e-02 6.1703099328e+00 8.9716811458e-02
5.6000000000e-02 2.0660456151e-02 5.2962335795e+01 1.1144347624e+01 3.3547170004e-01 -5.2162616505e+01 3.5535622997e-01 6.4088964129e+01 2.0264644773e-01 1.8535734035e-02 1.3691624759e-02 6.2177103008e+00 9.3638745796e-02
5.7000000000e-02 2.0935286518e-02 5.3910748534e+01 1.1268673491e+01 3.5018137753e-01 -5.2702081057e+01 3.7097355595e-01 6.4752754548e+01 2.0889087750e-01 1.9315744899e-02 1.4553454742e-02 6.2646751784e+00 9.7659534324e-02
5.8000000000e-02 2.1208836942e-02 5.4859230575e+01 1.1393378704e+01 3.6527242020e-01 -5.3236256203e+01 3.8700054256e-01 6.5411634907e+01 2.1526312977e-01 2.0114077181e-02 1.5453576829e-02 6.3112260438e+00 1.0177995799e-01
5.9000000000e-02 2.1481166199e-02 5.5807781908e+01 1.1518529067e+01 3.8074816400e-01 -5.3765228040e+01 4.0344108682e-01 6.6065757107e+01 2.2176767045e-01 2.0930872282e-02 1.6393005963e-02 6.3573837549e+00 1.0600079377e-01
6.0000000000e-02 2.1752334051e-02 5.6756402568e+01 1.1644191173e+01 3.9661241371e-01 -5.4289078698e+01 4.2029952353e-01 6.6715269870e+01 2.2840920559e-01 2.1766277461e-02 1.7372800206e-02 6.4031685686e+00 1.1032281486e-01
6.1000000000e-02 2.2022401093e-02 5.7705092640e+01 1.1770432247e+01 4.1286874448e-01 -5.4807886547e+01 4.3758021857e-01 6.7360318793e+01 2.3519267344e-01 2.2620446051e-02 1.8394015544e-02 6.4486002090e+00 1.1474679073e-01
6.2000000000e-02 2.2291428619e-02 5.8653852258e+01 1.1897319944e+01 4.2952065874e-01 -5.5321726470e+01 4.5528719695e-01 6.8001046413e+01 2.4212323173e-01 2.3493537678e-02 1.9457707402e-02 6.4936979537e+00 1.1927348726e-01
6.3000000000e-02 2.2559478474e-02 5.9602681605e+01 1.2024922050e+01 4.4657156242e-01 -5.5830670185e+01 4.7342430624e-01 6.8637592235e+01 2.4920624523e-01 2.4385718405e-02 2.0564947648e-02 6.5384805914e+00 1.2390366691e-01
6.4000000000e-02 2.2826612863e-02 6.0551580910e+01 1.2153306310e+01 4.6402545910e-01 -5.6334786412e+01 4.9199649319e-01 6.9270092722e+01 2.5644727095e-01 2.5297160813e-02 2.1716852811e-02 6.5829665233e+00 1.2863808876e-01
6.5000000000e-02 2.3092894259e-02 6.1500550450e+01 1.2282540147e+01 4.8188560371e-01 -5.6834141208e+01 5.1100744526e-01 6.9898681354e+01 2.6385204382e-01 2.6228044160e-02 2.2914501528e-02 6.6271737202e+00 1.3347750870e-01
6.6000000000e-02 2.3358385207e-02 6.2449590550e+01 1.2412690556e+01 5.0015530879e-01 -5.7328798037e+01 5.3046111032e-01 7.0523488593e+01 2.7142646442e-01 2.7178554375e-02 2.4158990867e-02 6.6711198121e+00 1.3842267950e-01
6.7000000000e-02 2.3623148166e-02 6.3398701581e+01 1.2543823759e+01 5.1883876338e-01 -5.7818818108e+01 5.5036253056e-01 7.1144641866e+01 2.7917657706e-01 2.8148884059e-02 2.5451486488e-02 6.7148220614e+00 1.4347435093e-01
6.8000000000e-02 2.3887245380e-02 6.4347883960e+01 1.2676005124e+01 5.3793910757e-01 -5.8304260451e+01 5.7071516650e-01 7.1762265575e+01 2.8710856113e-01 2.9139232498e-02 2.6793094780e-02 6.7582973805e+00 1.4863326990e-01
6.9000000000e-02 2.4150738708e-02 6.5297138147e+01 1.2809298937e+01 5.5745993774e-01 -5.8785182117e+01 5.9152350028e-01 7.2376481055e+01 2.9522871007e-01 3.0149805572e-02 2.8184965867e-02 6.8015623748e+00 1.5390018056e-01
7.0000000000e-02 2.4413689507e-02 6.6246464651e+01 1.2943768235e+01 5.7740484675e-01 -5.9261638351e+01 6.1279154462e-01 7.2987406586e+01 3.0354341632e-01 3.1180815715e-02 2.9628260883e-02 6.8446333388e+00 1.5927582446e-01
7.1000000000e-02 2.4676158469e-02 6.7195864017e+01 1.3079474593e+01 5.9777769870e-01 -5.9733682749e+01 6.3452433564e-01 7.3595157342e+01 3.1205915443e-01 3.2232481761e-02 3.1124170628e-02 6.8875262261e+00 1.6476094059e-01
7.2000000000e-02 2.4938205502e-02 6.8145336837e+01 1.3216478094e+01 6.1858117779e-01 -6.0201367296e+01 6.5672460547e-01 7.4199845394e+01 3.2078246829e-01 3.3305028833e-02 3.2673818966e-02 6.9302567188e+00 1.7035626559e-01
7.3000000000e-02 2.5199889571e-02 6.9094883742e+01 1.3354837055e+01 6.3981990291e-01 -6.0664742589e+01 6.7939807837e-01 7.4801579645e+01 3.2971994852e-01 3.4398688104e-02 3.4278471677e-02 6.9728401984e+00 1.7606253384e-01
7.4000000000e-02 2.5461268633e-02 7.0044505403e+01 1.3494607991e+01 6.6149703837e-01 -6.1123857891e+01 7.0254843443e-01 7.5400465881e+01 3.3887822411e-01 3.5513696718e-02 3.5939310448e-02 7.0152917252e+00 1.8188047758e-01
7.5000000000e-02 2.5722399510e-02 7.0994202529e+01 1.3635845500e+01 6.8361551068e-01 -6.1578761235e+01 7.2617914228e-01 7.5996606736e+01 3.4826394182e-01 3.6650297558e-02 3.7657504714e-02 7.0576261125e+00 1.8781082706e-01
7.6000000000e-02 2.5983337665e-02 7.1943975867e+01 1.3778602125e+01 7.0617959603e-01 -6.2029499438e+01 7.5029529452e-01 7.6590101563e+01 3.5788375408e-01 3.7808738777e-02 3.9434336735e-02 7.0998578603e+00 1.9385431067e-01
7.7000000000e-02 2.6244137338e-02 7.2893826198e+01 1.3922928283e+01 7.2919274655e-01 -6.2476118376e+01 7.7490110402e-01 7.7181046661e+01 3.6774430277e-01 3.8989274000e-02 4.1271037777e-02 7.1420011739e+00 2.0001165504e-01
7.8000000000e-02 2.6504851183e-02 7.3843754339e+01 1.4068872194e+01 7.5265837538e-01 -6.2918662807e+01 8.0000060237e-01 7.7769535000e+01 3.7785220545e-01 4.0192161534e-02 4.3168849711e-02 7.1840699912e+00 2.0628358526e-01
7.9000000000e-02 2.6765530417e-02 7.4793761141e+01 1.4216479852e+01 7.7658068221e-01 -6.3357176597e+01 8.2559863909e-01 7.8355656450e+01 3.8821404414e-01 4.1417664532e-02 4.5129085906e-02 7.2260779660e+00 2.1267082492e-01
8.0000000000e-02 2.7026224562e-02 7.5743847484e+01 1.4365794922e+01 8.0096199208e-01 -6.3791702686e+01 8.5169822341e-01 7.8939497609e+01 3.9883635074e-01 4.2666050345e-02 4.7152929389e-02 7.2680384562e+00 2.1917409632e-01
8.1000000000e-02 2.7286981441e-02 7.6694014282e+01 1.4516858728e+01 8.2580689524e-01 -6.4222283141e+01 8.7830491469e-01 7.9521141868e+01 4.0972559423e-01 4.3937590318e-02 4.9241748390e-02 7.3099645553e+00 2.2579412062e-01
8.2000000000e-02 2.7547847127e-02 7.7644262474e+01 1.4669710198e+01 8.5111849701e-01 -6.4648959248e+01 9.0542199071e-01 8.0100669446e+01 4.2088817019e-01 4.5232559508e-02 5.1396811642e-02 7.3518690548e+00 2.3253161794e-01
8.3000000000e-02 2.7808865854e-02 7.8594593030e+01 1.4824385896e+01 8.7690042793e-01 -6.5071771467e+01 9.3305419749e-01 8.0678157359e+01 4.3233039302e-01 4.6551236262e-02 5.3619423280e-02 7.3937644581e+00 2.3938730754e-01
8.4000000000e-02 2.8070080005e-02 7.9545006948e+01 1.4980920008e+01 9.0315680471e-01 -6.5490759480e+01 9.6120629363e-01 8.1253679486e+01 4.4405848102e-01 4.7893901962e-02 5.5910959259e-02 7.4356630386e+00 2.4636190795e-01
8.5000000000e-02 2.8331529937e-02 8.0495505245e+01 1.5139344240e+01 9.2989055527e-01 -6.5905962223e+01 9.8988182703e-01 8.1827306462e+01 4.5607854867e-01 4.9260840369e-02 5.8272711979e-02 7.4775767289e+00 2.5345613719e-01
8.6000000000e-02 2.8593254123e-02 8.1446088968e+01 1.5299687973e+01 9.5710550669e-01 -6.6317417904e+01 1.0190854893e+00 8.2399105876e+01 4.6839660160e-01 5.0652337656e-02 6.0706033497e-02 7.5195172125e+00 2.6067071282e-01
8.7000000000e-02 2.8855288937e-02 8.2396759182e+01 1.5461978187e+01 9.8480523518e-01 -6.6725163942e+01 1.0488213500e+00 8.2969142130e+01 4.8101852532e-01 5.2068681621e-02 6.3212295480e-02 7.5614958871e+00 2.6800635219e-01
8.8000000000e-02 2.9117668757e-02 8.3347516979e+01 1.5626239533e+01 1.0129937037e+00 -6.7129237054e+01 1.0790944319e+00 8.3537476587e+01 4.9395007859e-01 5.3510161601e-02 6.5792898127e-02 7.6035239029e+00 2.7546377255e-01
8.9000000000e-02 2.9380425847e-02 8.4298363467e+01 1.5792494332e+01 1.0416745766e+00 -6.7529673194e+01 1.1099088433e+00 8.4104167526e+01 5.0719688899e-01 5.4977067853e-02 6.8449237398e-02 7.6456121185e+00 2.8304369122e-01
9.0000000000e-02 2.9643590397e-02 8.5249299777e+01 1.5960762634e+01 1.0708505197e+00 -6.7926507598e+01 1.1412678153e+00 8.4669270231e+01 5.2076444627e-01 5.6469691309e-02 7.1182630709e-02 7.6877711310e+00 2.9074682575e-01
9.1000000000e-02 2.9907190425e-02 8.6200327053e+01 1.6131062221e+01 1.1005264486e+00 -6.8319774727e+01 1.1731774662e+00 8.5232836946e+01 5.3465809806e-01 5.7988322947e-02 7.3994593737e-02 7.7300112437e+00 2.9857389410e-01
9.2000000000e-02 3.0171251882e-02 8.7151446464e+01 1.6303408761e+01 1.1307051453e+00 -6.8709508278e+01 1.2056410632e+00 8.5794917038e+01 5.4888304638e-01 5.9533253686e-02 7.6886493646e-02 7.7723425582e+00 3.0652561478e-01
9.3000000000e-02 3.0435798554e-02 8.8102659189e+01 1.6477815688e+01 1.1613912432e+00 -6.9095741254e+01 1.2386641086e+00 8.6355556943e+01 5.6344433874e-01 6.1104773738e-02 7.9859834155e-02 7.8147748706e+00 3.1460270701e-01
9.4000000000e-02 3.0700852019e-02 8.9053966424e+01 1.6654294472e+01 1.1925873211e+00 -6.9478505709e+01 1.2722497568e+00 8.6914800182e+01 5.7834688050e-01 6.2703172076e-02 8.2915989457e-02 7.8573177318e+00 3.2280589094e-01
9.5000000000e-02 3.0966431775e-02 9.0005369384e+01 1.6832854521e+01 1.2242978487e+00 -6.9857833009e+01 1.3064033471e+00 8.7472687528e+01 5.9359541429e-01 6.4328736365e-02 8.6056485732e-02 7.8999804776e+00 3.3113588774e-01
9.6000000000e-02 3.1232555205e-02 9.0956869293e+01 1.7013503290e+01 1.2565259992e+00 -7.0233753725e+01 1.3411286982e+00 8.8029257016e+01 6.0919453027e-01 6.5981752428e-02 8.9282765280e-02 7.9427721620e+00 3.3959341978e-01
9.7000000000e-02 3.1499237478e-02 9.1908467392e+01 1.7196246379e+01 1.2892753721e+00 -7.0606297515e+01 1.3764300744e+00 8.8584543898e+01 6.2514866222e-01 6.7662503550e-02 9.2596297109e-02 7.9857016287e+00 3.4817921085e-01
9.8000000000e-02 3.1766491703e-02 9.2860164935e+01 1.7381087624e+01 1.3225507688e+00 -7.0975493208e+01 1.4123136117e+00 8.9138580833e+01 6.4146209138e-01 6.9371270448e-02 9.5998694621e-02 8.0287774877e+00 3.5689398626e-01
9.9000000000e-02 3.2034328843e-02 9.3811963185e+01 1.7568029054e+01 1.3563553127e+00 -7.1341368787e+01 1.4487825681e+00 8.9691397841e+01 6.5813893712e-01 7.1108330566e-02 9.9491420527e-02 8.0720081151e+00 3.6573847305e-01
1.0000000000e-01 3.2302757766e-02 9.4763863421e+01 1.7757071119e+01 1.3906922530e+00 -7.1703951285e+01 1.4858411071e+00 9.0243022403e+01 6.7518317049e-01 7.2873957778e-02 1.0307594936e-01 8.1154016777e+00 3.7471340012e-01
1.0100000000e-01 3.2571785302e-02 9.5715866932e+01 1.7948212626e+01 1.4255661908e+00 -7.2063266920e+01 1.5234950755e+00 9.0793479546e+01 6.9259860294e-01 7.4668422060e-02 1.0675392370e-01 8.1589661291e+00 3.8381949841e-01
1.0200000000e-01 3.2841416223e-02 9.6667975018e+01 1.8141450969e+01 1.4609809743e+00 -7.2419340896e+01 1.5617484422e+00 9.1342791864e+01 7.1038890248e-01 7.6491988991e-02 1.1052691875e-01 8.2027092263e+00 3.9305750104e-01
1.0300000000e-01 3.3111653258e-02 9.7620188992e+01 1.8336782062e+01 1.4969391864e+00 -7.2772197514e+01 1.6006048321e+00 9.1890979574e+01 7.2855758269e-01 7.8344919288e-02 1.1439636914e-01 8.2466385326e+00 4.0242814352e-01
1.0400000000e-01 3.3382497166e-02 9.8572510174e+01 1.8534200453e+01 1.5334465493e+00 -7.3121860160e+01 1.6400711064e+00 9.2438060616e+01 7.4710801101e-01 8.0227468576e-02 1.1836407439e-01 8.2907613944e+00 4.1193216385e-01
1.0500000000e-01 3.3653946771e-02 9.9524939899e+01 1.8733699536e+01 1.5705051189e+00 -7.3468351187e+01 1.6801496043e+00 9.2984050721e+01 7.6604341885e-01 8.2139886997e-02 1.2243143055e-01 8.3350850202e+00 4.2157030269e-01
1.0600000000e-01 3.3925998904e-02 1.0047747951e+02 1.8935271385e+01 1.6081198400e+00 -7.3811692011e+01 1.7208466372e+00 9.3528963394e+01 7.8536689054e-01 8.4082418552e-02 1.2660020827e-01 8.3796163976e+00 4.3134330357e-01
1.0700000000e-01 3.4198648598e-02 1.0143013036e+02 1.9138907051e+01 1.6462946143e+00 -7.4151903075e+01 1.7621667263e+00 9.4072810125e+01 8.0508137763e-01 8.6055301244e-02 1.3087202598e-01 8.4243623938e+00 4.4125191294e-01
1.0800000000e-01 3.4471888938e-02 1.0238289381e+02 1.9344596538e+01 1.6850328827e+00 -7.4489003743e+01 1.8041137062e+00 9.4615600282e+01 8.2518970395e-01 8.8058766099e-02 1.3524846514e-01 8.4693296833e+00 4.5129688043e-01
1.0900000000e-01 3.4745711282e-02 1.0333577125e+02 1.9552328913e+01 1.7243396949e+00 -7.4823012432e+01 1.8466943299e+00 9.5157341345e+01 8.4569456289e-01 9.0093037414e-02 1.3973134668e-01 8.5145248362e+00 4.6147895891e-01
1.1000000000e-01 3.5020105159e-02 1.0428876405e+02 1.9762092285e+01 1.7642163010e+00 -7.5153946558e+01 1.8899094869e+00 9.5698038845e+01 8.6659852755e-01 9.2158331940e-02 1.4432203149e-01 8.5599541915e+00 4.7179890471e-01
1.1100000000e-01 3.5295058405e-02 1.0524187362e+02 1.9973874030e+01 1.8046698109e+00 -7.5481822483e+01 1.9337686629e+00 9.6237696512e+01 8.8790405200e-01 9.4254858859e-02 1.4902259182e-01 8.6056240432e+00 4.8225747769e-01
1.1200000000e-01 3.5570557156e-02 1.0619510135e+02 2.0187660749e+01 1.8457022990e+00 -7.5806655550e+01 1.9782735177e+00 9.6776316300e+01 9.0961347695e-01 9.6382819286e-02 1.5383448355e-01 8.6515405333e+00 4.9285544144e-01
1.1300000000e-01 3.5846585949e-02 1.0714844868e+02 2.0403438387e+01 1.8873188834e+00 -7.6128460115e+01 2.0234307969e+00 9.7313898501e+01 9.3172903952e-01 9.8542406150e-02 1.5875959100e-01 8.6977096603e+00 5.0359356337e-01
1.1400000000e-01 3.6123127688e-02 1.0810191703e+02 2.0621192268e+01 1.9295217363e+00 -7.6447249472e+01 2.0692429344e+00 9.7850441741e+01 9.5425287198e-01 1.0073380361e-01 1.6379943294e-01 8.7441373244e+00 5.1447261488e-01
1.1500000000e-01 3.6400163775e-02 1.0905550785e+02 2.0840907195e+01 1.9723177992e+00 -7.6763035932e+01 2.1157187557e+00 9.8385943127e+01 9.7718700975e-01 1.0295718708e-01 1.6895611861e-01 8.7908293342e+00 5.2549337147e-01
1.1600000000e-01 3.6677674098e-02 1.1000922259e+02 2.1062567447e+01 2.0157086250e+00 -7.7075830802e+01 2.1628596053e+00 9.8920398248e+01 1.0005333945e+00 1.0521272269e-01 1.7423109049e-01 8.8377913756e+00 5.3665661289e-01
1.1700000000e-01 3.6955637146e-02 1.1096306271e+02 2.1286156909e+01 2.0596994351e+00 -7.7385644405e+01 2.2106724731e+00 9.9453801312e+01 1.0242938832e+00 1.0750056729e-01 1.7962630483e-01 8.8850290486e+00 5.4796312321e-01
1.1800000000e-01 3.7234029996e-02 1.1191702971e+02 2.1511659128e+01 2.1042954376e+00 -7.7692486020e+01 2.2591633074e+00 9.9986145148e+01 1.0484702501e+00 1.0982086798e-01 1.8514366622e-01 8.9325479094e+00 5.5941369100e-01
1.1900000000e-01 3.7512828384e-02 1.1287112506e+02 2.1739057293e+01 2.1494992014e+00 -7.7996363997e+01 2.3083354716e+00 1.0051742129e+02 1.0730641964e+00 1.1217376191e-01 1.9078485773e-01 8.9803533621e+00 5.7100910942e-01
1.2000000000e-01 3.7792006786e-02 1.1382535029e+02 2.1968334362e+01 2.1953145269e+00 -7.8297285708e+01 2.3581934839e+00 1.0104762007e+02 1.0980773477e+00 1.1455937617e-01 1.9655162639e-01 9.0284508038e+00 5.8275017632e-01
1.2100000000e-01 3.8071538477e-02 1.1477970690e+02 2.2199473095e+01 2.2417450537e+00 -7.8595257593e+01 2.4087419859e+00 1.0157673069e+02 1.1235112675e+00 1.1697782765e-01 2.0244580023e-01 9.0768455409e+00 5.9463769436e-01
1.2200000000e-01 3.8351395532e-02 1.1573419644e+02 2.2432456030e+01 2.2887989294e+00 -7.8890285192e+01 2.4599911877e+00 1.0210474122e+02 1.1493674524e+00 1.1942922258e-01 2.0846971122e-01 9.1255428133e+00 6.0667247111e-01
1.2300000000e-01 3.8631548926e-02 1.1668882046e+02 2.2667265638e+01 2.3364775041e+00 -7.9182373106e+01 2.5119425251e+00 1.0263163874e+02 1.1756473471e+00 1.2191365659e-01 2.1462489401e-01 9.1745478221e+00 6.1885531916e-01
1.2400000000e-01 3.8911968560e-02 1.1764358051e+02 2.2903884304e+01 2.3847838518e+00 -7.9471525043e+01 2.5645997837e+00 1.0315740935e+02 1.2023523457e+00 1.2443121438e-01 2.2091310836e-01 9.2238657092e+00 6.3118705621e-01
1.2500000000e-01 3.9192623355e-02 1.1859847819e+02 2.3142294344e+01 2.4337249049e+00 -7.9757743907e+01 2.6179714039e+00 1.0368203825e+02 1.2294837877e+00 1.2698196979e-01 2.2733662158e-01 9.2735015992e+00 6.4366850513e-01
1.2600000000e-01 3.9473481276e-02 1.1955351508e+02 2.3382478078e+01 2.4833036814e+00 -8.0041031742e+01 2.6720617926e+00 1.0420550982e+02 1.2570429791e+00 1.2956598547e-01 2.3389718118e-01 9.3234605192e+00 6.5630049410e-01
1.2700000000e-01 3.9754509427e-02 1.2050869281e+02 2.3624417859e+01 2.5335237894e+00 -8.0321389824e+01 2.7268749916e+00 1.0472780768e+02 1.2850311794e+00 1.3218331303e-01 2.4059671505e-01 9.3737475241e+00 6.6908385663e-01
1.2800000000e-01 4.0035674027e-02 1.2146401299e+02 2.3868096064e+01 2.5843923275e+00 -8.0598818620e+01 2.7824193090e+00 1.0524891468e+02 1.3134496156e+00 1.3483399250e-01 2.4743745851e-01 9.4243675988e+00 6.8201943171e-01
1.2900000000e-01 4.0316940550e-02 1.2241947727e+02 2.4113495177e+01 2.6359106892e+00 -8.0873317883e+01 2.8386977670e+00 1.0576881306e+02 1.3422994830e+00 1.3751805268e-01 2.5442110380e-01 9.4753257273e+00 6.9510806381e-01
1.3000000000e-01 4.0598273767e-02 1.2337508732e+02 2.4360597724e+01 2.6880844141e+00 -8.1144886727e+01 2.8957166758e+00 1.0628748445e+02 1.3715819466e+00 1.4023551100e-01 2.6154978232e-01 9.5266268244e+00 7.0835060297e-01
1.3100000000e-01 4.0879637745e-02 1.2433084482e+02 2.4609386441e+01 2.7409184921e+00 -8.1413523489e+01 2.9534820282e+00 1.0680490993e+02 1.4012981520e+00 1.4298637320e-01 2.6882562025e-01 9.5782758329e+00 7.2174790492e-01
1.3200000000e-01 4.1160995985e-02 1.2528675146e+02 2.4859844122e+01 2.7944170279e+00 -8.1679225977e+01 3.0119987081e+00 1.0732107010e+02 1.4314492147e+00 1.4577063370e-01 2.7625053693e-01 9.6302776534e+00 7.3530083101e-01
1.3300000000e-01 4.1442311408e-02 1.2624280895e+02 2.5111953775e+01 2.8485848162e+00 -8.1941991337e+01 3.0712737785e+00 1.0783594511e+02 1.4620362382e+00 1.4858827526e-01 2.8382674601e-01 9.6826371739e+00 7.4901024842e-01
1.3400000000e-01 4.1723546436e-02 1.2719901903e+02 2.5365698525e+01 2.9034235639e+00 -8.2201816223e+01 3.1313081753e+00 1.0834951475e+02 1.4930603042e+00 1.5143926910e-01 2.9155585705e-01 9.7353592529e+00 7.6287703009e-01
1.3500000000e-01 4.2004663088e-02 1.2815538346e+02 2.5621061699e+01 2.9589450155e+00 -8.2458696777e+01 3.1921184513e+00 1.0886175848e+02 1.5245224797e+00 1.5432357510e-01 2.9944100710e-01 9.7884487492e+00 7.7690205479e-01
1.3600000000e-01 4.2285622940e-02 1.2911190399e+02 2.5878026806e+01 3.0151456700e+00 -8.2712628641e+01 3.2536978739e+00 1.0937265545e+02 1.5564238187e+00 1.5724114140e-01 3.0748321678e-01 9.8419105102e+00 7.9108620723e-01
1.3700000000e-01 4.2566387261e-02 1.3006858241e+02 2.6136577561e+01 3.0720342691e+00 -8.2963607036e+01 3.3160594057e+00 1.0988218460e+02 1.5887653640e+00 1.6019190488e-01 3.1568518914e-01 9.8957493784e+00 8.0543037799e-01
1.3800000000e-01 4.2846917053e-02 1.3102542054e+02 2.6396697831e+01 3.1296146632e+00 -8.3211626860e+01 3.3792082584e+00 1.1039032469e+02 1.6215481438e+00 1.6317579108e-01 3.2404899511e-01 9.9499701666e+00 8.1993546361e-01
1.3900000000e-01 4.3127173069e-02 1.3198242018e+02 2.6658371716e+01 3.1878911359e+00 -8.3456682628e+01 3.4431480605e+00 1.1089705435e+02 1.6547731836e+00 1.6619271420e-01 3.3257676604e-01 1.0004577662e+01 8.3460236660e-01
1.4000000000e-01 4.3407115901e-02 1.3293958318e+02 2.6921583498e+01 3.2468711408e+00 -8.3698768598e+01 3.5078885846e+00 1.1140235209e+02 1.6884414924e+00 1.6924257733e-01 3.4127100356e-01 1.0059576679e+01 8.4943199548e-01
1.4100000000e-01 4.3686705996e-02 1.3389691140e+02 2.7186317658e+01 3.3065550498e+00 -8.3937878736e+01 3.5734322451e+00 1.1190619640e+02 1.7225540720e+00 1.7232527240e-01 3.5013346498e-01 1.0114972015e+01 8.6442526479e-01
1.4200000000e-01 4.3965903749e-02 1.3485440671e+02 2.7452558835e+01 3.3669513586e+00 -8.4174006896e+01 3.6397875566e+00 1.1240856573e+02 1.7571119166e+00 1.7544068053e-01 3.5916679350e-01 1.0170768408e+01 8.7958309505e-01
1.4300000000e-01 4.4244669519e-02 1.3581207101e+02 2.7720291881e+01 3.4280617414e+00 -8.4407146718e+01 3.7069589551e+00 1.1290943860e+02 1.7921160052e+00 1.7858867198e-01 3.6837286757e-01 1.0226970660e+01 8.9490641285e-01
1.4400000000e-01 4.4522963710e-02 1.3676990620e+02 2.7989501793e+01 3.4898931708e+00 -8.4637291804e+01 3.7749532993e+00 1.1340879360e+02 1.8275673184e+00 1.8176910653e-01 3.7775423167e-01 1.0283583438e+01 9.1039615079e-01
1.4500000000e-01 4.4800746740e-02 1.3772791420e+02 2.8260173764e+01 3.5524512097e+00 -8.4864435614e+01 3.8437793988e+00 1.1390660938e+02 1.8634668119e+00 1.8498183317e-01 3.8731344346e-01 1.0340611535e+01 9.2605324755e-01
1.4600000000e-01 4.5077979208e-02 1.3868609697e+02 2.8532293094e+01 3.6157361233e+00 -8.5088571705e+01 3.9134365524e+00 1.1440286480e+02 1.8998154358e+00 1.8822669097e-01 3.9705199094e-01 1.0398059621e+01 9.4187864780e-01
1.4700000000e-01 4.5354621850e-02 1.3964445646e+02 2.8805845242e+01 3.6797590116e+00 -8.5309693637e+01 3.9839394307e+00 1.1489753888e+02 1.9366141266e+00 1.9150350878e-01 4.0697311434e-01 1.0455932370e+01 9.5787330222e-01
1.4800000000e-01 4.5630635650e-02 1.4060299463e+02 2.9080815765e+01 3.7445202864e+00 -8.5527795112e+01 4.0552890793e+00 1.1539061088e+02 1.9738638007e+00 1.9481210583e-01 4.1707868699e-01 1.0514234428e+01 9.7403816750e-01
1.4900000000e-01 4.5905981763e-02 1.4156171349e+02 2.9357190393e+01 3.8100266257e+00 -8.5742869856e+01 4.1274940236e+00 1.1588206025e+02 2.0115653624e+00 1.9815229126e-01 4.2737120337e-01 1.0572970452e+01 9.9037420638e-01
1.5000000000e-01 4.6180621716e-02 1.4252061502e+02 2.9634954871e+01 3.8762851809e+00 -8.5954911913e+01 4.2005633732e+00 1.1637186678e+02 2.0497196933e+00 2.0152386525e-01 4.3785345176e-01 1.0632145003e+01 1.0068823875e+00
1.5100000000e-01 4.6454517340e-02 1.4347970124e+02 2.9914095036e+01 3.9432957721e+00 -8.6163915521e+01 4.2744958673e+00 1.1686001056e+02 2.0883276482e+00 2.0492661866e-01 4.4852706736e-01 1.0691762656e+01 1.0235636855e+00
1.5200000000e-01 4.6727630879e-02 1.4443897418e+02 3.0194596788e+01 4.0110669863e+00 -8.6369875230e+01 4.3493051261e+00 1.1734647202e+02 2.1273900631e+00 2.0836033370e-01 4.5939496443e-01 1.0751827909e+01 1.0404190809e+00
1.5300000000e-01 4.6999924943e-02 1.4539843588e+02 3.0476446045e+01 4.0796028205e+00 -8.6572785890e+01 4.4249947665e+00 1.1783123194e+02 2.1669077369e+00 2.1182478363e-01 4.7045959245e-01 1.0812345263e+01 1.0574495601e+00
1.5400000000e-01 4.7271362639e-02 1.4635808838e+02 3.0759628812e+01 4.1489101661e+00 -8.6772642706e+01 4.5015739801e+00 1.1831427152e+02 2.2068814494e+00 2.1531973372e-01 4.8172367835e-01 1.0873319162e+01 1.0746561154e+00
1.5500000000e-01 4.7541907560e-02 1.4731793375e+02 3.1044130910e+01 4.2189923518e+00 -8.6969441459e+01 4.5790476015e+00 1.1879557237e+02 2.2473119271e+00 2.1884494114e-01 4.9318930104e-01 1.0934753935e+01 1.0920397448e+00
1.5600000000e-01 4.7811523828e-02 1.4827797405e+02 3.1329938331e+01 4.2898520420e+00 -8.7163178215e+01 4.6574193485e+00 1.1927511655e+02 2.2881998745e+00 2.2240015535e-01 5.0485886796e-01 1.0996653952e+01 1.1096014523e+00
1.5700000000e-01 4.8080176124e-02 1.4923821136e+02 3.1617036866e+01 4.3615009417e+00 -8.7353849710e+01 4.7367034498e+00 1.1975288658e+02 2.3295459388e+00 2.2598511841e-01 5.1673574683e-01 1.1059023465e+01 1.1273422474e+00
1.5800000000e-01 4.8347829722e-02 1.5019864776e+02 3.1905412293e+01 4.4339364190e+00 -8.7541453170e+01 4.8168986990e+00 1.2022886546e+02 2.3713507286e+00 2.2959956528e-01 5.2882139923e-01 1.1121866666e+01 1.1452631455e+00
1.5900000000e-01 4.8614450549e-02 1.5115928535e+02 3.2195050310e+01 4.5071730812e+00 -8.7725986423e+01 4.8980222868e+00 1.2070303673e+02 2.4136147993e+00 2.3324322432e-01 5.4111977424e-01 1.1185187709e+01 1.1633651674e+00
1.6000000000e-01 4.8880005193e-02 1.5212012621e+02 3.2485936414e+01 4.5812074980e+00 -8.7907448033e+01 4.9800703435e+00 1.2117538445e+02 2.4563386444e+00 2.3691581753e-01 5.5363235093e-01 1.1248990629e+01 1.1816493396e+00
1.6100000000e-01 4.9144460899e-02 1.5308117244e+02 3.2778056036e+01 4.6560502455e+00 -8.8085837152e+01 5.0630578175e+00 1.2164589319e+02 2.4995227009e+00 2.4061706063e-01 5.6636232849e-01 1.1313279443e+01 1.2001166942e+00
1.6200000000e-01 4.9407785668e-02 1.5404242615e+02 3.3071394372e+01 4.7317036807e+00 -8.8261153754e+01 5.1469877275e+00 1.2211454812e+02 2.5431673411e+00 2.4434666387e-01 5.7931212328e-01 1.1378058005e+01 1.2187682687e+00
1.6300000000e-01 4.9669948249e-02 1.5500388943e+02 3.3365936482e+01 4.8081729909e+00 -8.8433398516e+01 5.2318655269e+00 1.2258133500e+02 2.5872728644e+00 2.4810433223e-01 5.9248437827e-01 1.1443330157e+01 1.2376051060e+00
1.6400000000e-01 4.9930918153e-02 1.5596556438e+02 3.3661667125e+01 4.8854661886e+00 -8.8602573029e+01 5.3177030109e+00 1.2304624016e+02 2.6318394882e+00 2.5188976562e-01 6.0588205632e-01 1.1509099600e+01 1.2566282543e+00
1.6500000000e-01 5.0190665670e-02 1.5692745311e+02 3.3958570869e+01 4.9635899030e+00 -8.8768679650e+01 5.4045101746e+00 1.2350925052e+02 2.6768673606e+00 2.5570265926e-01 6.1950835209e-01 1.1575369921e+01 1.2758387674e+00
1.6600000000e-01 5.0449161966e-02 1.5788955771e+02 3.4256632050e+01 5.0425441700e+00 -8.8931721634e+01 5.4922852347e+00 1.2397035368e+02 2.7223565370e+00 2.5954270453e-01 6.3336490132e-01 1.1642144668e+01 1.2952377038e+00
1.6700000000e-01 5.0706378976e-02 1.5885188027e+02 3.4555834643e+01 5.1223346327e+00 -8.9091703174e+01 5.5810374674e+00 1.2442953781e+02 2.7683069781e+00 2.6340958846e-01 6.4745460601e-01 1.1709427239e+01 1.3148261277e+00
1.6800000000e-01 5.0962289620e-02 1.5981442288e+02 3.4856162329e+01 5.2029733880e+00 -8.9248629485e+01 5.6707823939e+00 1.2488679181e+02 2.8147185506e+00 2.6730299549e-01 6.6178148186e-01 1.1777220898e+01 1.3346051081e+00
1.6900000000e-01 5.1216867569e-02 1.6077718761e+02 3.5157598452e+01 5.2844608193e+00 -8.9402506688e+01 5.7615207133e+00 1.2534210514e+02 2.8615910172e+00 2.7122260606e-01 6.7634731963e-01 1.1845528816e+01 1.3545757191e+00
1.7000000000e-01 5.1470087468e-02 1.6174017654e+02 3.5460125988e+01 5.3668038885e+00 -8.9553341973e+01 5.8532609612e+00 1.2579546796e+02 2.9089240339e+00 2.7516809847e-01 6.9115535076e-01 1.1914354011e+01 1.3747390397e+00
1.7100000000e-01 5.1721924904e-02 1.6270339173e+02 3.5763727569e+01 5.4500082037e+00 -8.9701143564e+01 5.9460129354e+00 1.2624687113e+02 2.9567171402e+00 2.7913914889e-01 7.0620841385e-01 1.1983699416e+01 1.3950961538e+00
1.7200000000e-01 5.1972356354e-02 1.6366683521e+02 3.6068385339e+01 5.5340768926e+00 -8.9845920827e+01 6.0397790795e+00 1.2669630617e+02 3.0049697551e+00 2.8313543130e-01 7.2150887662e-01 1.2053567759e+01 1.4156481503e+00
1.7300000000e-01 5.2221359284e-02 1.6463050903e+02 3.6374081112e+01 5.6190175328e+00 -8.9987684156e+01 6.1345710682e+00 1.2714376527e+02 3.0536811751e+00 2.8715661846e-01 7.3706015194e-01 1.2123961696e+01 1.4363961226e+00
1.7400000000e-01 5.2468912099e-02 1.6559441520e+02 3.6680796198e+01 5.7048387326e+00 -9.0126445132e+01 6.2303985480e+00 1.2758924133e+02 3.1028505658e+00 2.9120238187e-01 7.5286562984e-01 1.2194883683e+01 1.4573411690e+00
1.7500000000e-01 5.2714994202e-02 1.6655855573e+02 3.6988511449e+01 5.7915404248e+00 -9.0262216497e+01 6.3272639118e+00 1.2803272795e+02 3.1524769454e+00 2.9527239251e-01 7.6892729979e-01 1.2266336089e+01 1.4784843921e+00
1.7600000000e-01 5.2959585983e-02 1.6752293259e+02 3.7297207208e+01 5.8791331865e+00 -9.0395012202e+01 6.4251802964e+00 1.2847421941e+02 3.2025592043e+00 2.9936632106e-01 7.8524905656e-01 1.2338321020e+01 1.4998268994e+00
1.7700000000e-01 5.3202668832e-02 1.6848754776e+02 3.7606863376e+01 5.9676184361e+00 -9.0524847345e+01 6.5241509201e+00 1.2891371072e+02 3.2530960756e+00 3.0348383829e-01 8.0183309370e-01 1.2410840530e+01 1.5213698026e+00
1.7800000000e-01 5.3444225166e-02 1.6945240315e+02 3.7917459205e+01 6.0570042209e+00 -9.0651738390e+01 6.6241863302e+00 1.2935119760e+02 3.3040861385e+00 3.0762461565e-01 8.1868288193e-01 1.2483896383e+01 1.5431142178e+00
1.7900000000e-01 5.3684238377e-02 1.7041750071e+02 3.8228973560e+01 6.1472972099e+00 -9.0775702872e+01 6.7252941239e+00 1.2978667643e+02 3.3555278164e+00 3.1178832519e-01 8.3580153077e-01 1.2557490304e+01 1.5650612655e+00
1.8000000000e-01 5.3922692934e-02 1.7138284231e+02 3.8541384615e+01 6.2384999453e+00 -9.0896759754e+01 6.8274794110e+00 1.3022014437e+02 3.4074193608e+00 3.1597464063e-01 8.5319167260e-01 1.2631623742e+01 1.5872120704e+00
1.8100000000e-01 5.4159574306e-02 1.7234842982e+02 3.8854670069e+01 6.3306213077e+00 -9.1014929168e+01 6.9307544796e+00 1.3065159924e+02 3.4597588594e+00 3.2018323718e-01 8.7085707573e-01 1.2706298028e+01 1.6095677614e+00
1.8200000000e-01 5.4394868970e-02 1.7331426507e+02 3.9168806945e+01 6.4236675074e+00 -9.1130232613e+01 7.0351276031e+00 1.3108103956e+02 3.5125442201e+00 3.2441379187e-01 8.8880069467e-01 1.2781514244e+01 1.6321294715e+00
1.8300000000e-01 5.4628564534e-02 1.7428034987e+02 3.9483771757e+01 6.5176402960e+00 -9.1242692887e+01 7.1406019030e+00 1.3150846464e+02 3.5657731721e+00 3.2866598499e-01 9.0702526698e-01 1.2857273346e+01 1.6548983376e+00
1.8400000000e-01 5.4860649525e-02 1.7524668599e+02 3.9799540286e+01 6.6125508833e+00 -9.1352334107e+01 7.2471912370e+00 1.3193387439e+02 3.6194432496e+00 3.3293949863e-01 9.2553452078e-01 1.2933576044e+01 1.6778755007e+00
1.8500000000e-01 5.5091113626e-02 1.7621327516e+02 4.0116087772e+01 6.7083995375e+00 -9.1459181752e+01 7.3548975485e+00 1.3235726953e+02 3.6735518029e+00 3.3723401904e-01 9.4433102482e-01 1.3010422876e+01 1.7010621057e+00
1.8600000000e-01 5.5319947478e-02 1.7718011910e+02 4.0433388772e+01 6.8051993935e+00 -9.1563262617e+01 7.4637389216e+00 1.3277865139e+02 3.7280959846e+00 3.4154923535e-01 9.6341906058e-01 1.3087814151e+01 1.7244593012e+00
1.8700000000e-01 5.5547142783e-02 1.7814721945e+02 4.0751417221e+01 6.9029528397e+00 -9.1664604815e+01 7.5737172761e+00 1.3319802204e+02 3.7830727424e+00 3.4588484076e-01 9.8280144573e-01 1.3165750017e+01 1.7480682397e+00
1.8800000000e-01 5.5772692340e-02 1.7911457785e+02 4.1070146325e+01 7.0016610543e+00 -9.1763237956e+01 7.6848367762e+00 1.3361538428e+02 3.8384788164e+00 3.5024053325e-01 1.0024803974e+00 1.3244230338e+01 1.7718900771e+00
1.8900000000e-01 5.5996589909e-02 1.8008219589e+02 4.1389548678e+01 7.1013325138e+00 -9.1859192876e+01 7.7971082440e+00 1.3403074155e+02 3.8943107340e+00 3.5461601479e-01 1.0224597746e+00 1.3323254843e+01 1.7959259734e+00
1.9000000000e-01 5.6218830298e-02 1.8105007509e+02 4.1709596225e+01 7.2019819296e+00 -9.1952501763e+01 7.9105499739e+00 1.3444409799e+02 3.9505648188e+00 3.5901099247e-01 1.0427445563e+00 1.3402823007e+01 1.8201770919e+00
1.9100000000e-01 5.6439409363e-02 1.8201821696e+02 4.2030260125e+01 7.3036014125e+00 -9.2043198294e+01 8.0251546599e+00 1.3485545842e+02 4.0072371536e+00 3.6342517882e-01 1.0633354639e+00 1.3482934087e+01 1.8446445993e+00
1.9200000000e-01 5.6658324013e-02 1.8298662295e+02 4.2351510907e+01 7.4062103865e+00 -9.2131317469e+01 8.1409454970e+00 1.3526482837e+02 4.0643236118e+00 3.6785829227e-01 1.0842383778e+00 1.3563587098e+01 1.8693296659e+00
1.9300000000e-01 5.6875572087e-02 1.8395529446e+02 4.2673318343e+01 7.5098032205e+00 -9.2216895633e+01 8.2579192297e+00 1.3567221398e+02 4.1218198286e+00 3.7231005647e-01 1.1054544918e+00 1.3644780832e+01 1.8942334656e+00
1.9400000000e-01 5.7091152533e-02 1.8492423284e+02 4.2995651622e+01 7.6143931159e+00 -9.2299970481e+01 8.3760908364e+00 1.3607762210e+02 4.1797212132e+00 3.7678020219e-01 1.1269886418e+00 1.3726513916e+01 1.9193571751e+00
1.9500000000e-01 5.7305065184e-02 1.8589343940e+02 4.3318479113e+01 7.7199872693e+00 -9.2380581073e+01 8.4954707934e+00 1.3648106019e+02 4.2380229361e+00 3.8126846575e-01 1.1488442610e+00 1.3808784669e+01 1.9447019751e+00
1.9600000000e-01 5.7517310982e-02 1.8686291538e+02 4.3641768477e+01 7.8265858372e+00 -9.2458767918e+01 8.6160608416e+00 1.3688253640e+02 4.2967199196e+00 3.8577459133e-01 1.1710239852e+00 1.3891591194e+01 1.9702690489e+00
1.9700000000e-01 5.7727891789e-02 1.8783266198e+02 4.3965486729e+01 7.9341995154e+00 -9.2534572767e+01 8.7378737795e+00 1.3728205950e+02 4.3558068514e+00 3.9029832976e-01 1.1935320351e+00 1.3974931388e+01 1.9960595834e+00
1.9800000000e-01 5.7936810417e-02 1.8880268034e+02 4.4289600161e+01 8.0428337940e+00 -9.2608038700e+01 8.8609199943e+00 1.3767963886e+02 4.4152781732e+00 3.9483943903e-01 1.2163719131e+00 1.4058802898e+01 2.0220747686e+00
1.9900000000e-01 5.8144070661e-02 1.8977297154e+02 4.4614074237e+01 8.1524928562e+00 -9.2679210263e+01 8.9852021272e+00 1.3807528450e+02 4.4751280619e+00 3.9939768505e-01 1.2395465143e+00 1.4143203089e+01 2.0483157976e+00
2.0000000000e-01 5.8349677276e-02 1.9074353661e+02 4.4938873878e+01 8.2631823013e+00 -9.2748133173e+01 9.1107317165e+00 1.3846900705e+02 4.5353504568e+00 4.0397284174e-01 1.2630595527e+00 1.4228129167e+01 2.0747838665e+00
2.0100000000e-01 5.8553635961e-02 1.9171437650e+02 4.5263963150e+01 8.3749193643e+00 -9.2814854606e+01 9.2375291946e+00 1.3886081775e+02 4.5959390325e+00 4.0856469130e-01 1.2869168434e+00 1.4313578000e+01 2.1014801746e+00
2.0200000000e-01 5.8755953240e-02 1.9268549213e+02 4.5589305523e+01 8.4876925202e+00 -9.2879422840e+01 9.3655812682e+00 1.3925072836e+02 4.6568872041e+00 4.1317302345e-01 1.3111183325e+00 1.4399546344e+01 2.1284059243e+00
2.0300000000e-01 5.8956636646e-02 1.9365688432e+02 4.5914863663e+01 8.6015224105e+00 -9.2941887644e+01 9.4949148575e+00 1.3963875130e+02 4.7181881332e+00 4.1779763745e-01 1.3356704382e+00 1.4486030555e+01 2.1555623206e+00
2.0400000000e-01 5.9155694614e-02 1.9462855387e+02 4.6240599607e+01 8.7164081154e+00 -9.3002299944e+01 9.6255288003e+00 1.4002489955e+02 4.7798347071e+00 4.2243834153e-01 1.3605756789e+00 1.4573026874e+01 2.1829505719e+00
2.0500000000e-01 5.9353136332e-02 1.9560050147e+02 4.6566474675e+01 8.8323605742e+00 -9.3060711896e+01 9.7574403042e+00 1.4040918658e+02 4.8418195563e+00 4.2709495179e-01 1.3858385223e+00 1.4660531253e+01 2.2105718894e+00
2.0600000000e-01 5.9548971920e-02 1.9657272777e+02 4.6892449445e+01 8.9493777201e+00 -9.3117176984e+01 9.8906456778e+00 1.4079162643e+02 4.9041350362e+00 4.3176729422e-01 1.4114610363e+00 1.4748539374e+01 2.2384274872e+00
2.0700000000e-01 5.9743212372e-02 1.9754523334e+02 4.7218483863e+01 9.0674792648e+00 -9.3171749866e+01 1.0025170629e+01 1.4117223373e+02 4.9667732376e+00 4.3645520449e-01 1.4374497350e+00 1.4837046703e+01 2.2665185823e+00
2.0800000000e-01 5.9935869409e-02 1.9851801869e+02 4.7544537205e+01 9.1866634293e+00 -9.3224486321e+01 1.0161014789e+01 1.4155102353e+02 5.0297259841e+00 4.4115852692e-01 1.4638067849e+00 1.4926048471e+01 2.2948463948e+00
2.0900000000e-01 6.0126955668e-02 1.9949108426e+02 4.7870568024e+01 9.3069331171e+00 -9.3275443453e+01 1.0298181449e+01 1.4192801148e+02 5.0929848154e+00 4.4587711660e-01 1.4905349805e+00 1.5015539650e+01 2.3234121476e+00
2.1000000000e-01 6.0316484447e-02 2.0046443041e+02 4.8196534246e+01 9.4283051374e+00 -9.3324679382e+01 1.0436692856e+01 1.4230321363e+02 5.1565410130e+00 4.5061083717e-01 1.5176404854e+00 1.5105514960e+01 2.3522170664e+00
2.1100000000e-01 6.0504469892e-02 2.0143805743e+02 4.8522393147e+01 9.5507758748e+00 -9.3372253418e+01 1.0576545536e+01 1.4267664656e+02 5.2203855719e+00 4.5535956306e-01 1.5451250990e+00 1.5195968928e+01 2.3812623800e+00
2.1200000000e-01 6.0690926875e-02 2.0241196555e+02 4.8848101318e+01 9.6743624942e+00 -9.3418226027e+01 1.0717762253e+01 1.4304832733e+02 5.2845092214e+00 4.6012317856e-01 1.5729950898e+00 1.5286895759e+01 2.4105493199e+00
2.1300000000e-01 6.0875871037e-02 2.0338615490e+02 4.9173614744e+01 9.7990609876e+00 -9.3462658708e+01 1.0860340219e+01 1.4341827345e+02 5.3489024075e+00 4.6490157852e-01 1.6012519605e+00 1.5378289481e+01 2.4400791206e+00
2.1400000000e-01 6.1059318644e-02 2.0436062555e+02 4.9498888794e+01 9.9248865224e+00 -9.3505614028e+01 1.1004295536e+01 1.4378650282e+02 5.4135553054e+00 4.6969466727e-01 1.6299016120e+00 1.5470143880e+01 2.4698530197e+00
2.1500000000e-01 6.1241286644e-02 2.0533537751e+02 4.9823878218e+01 1.0051839813e+01 -9.3547155544e+01 1.1149632918e+01 1.4415303376e+02 5.4784578189e+00 4.7450235938e-01 1.6589466618e+00 1.5562452485e+01 2.4998722576e+00
2.1600000000e-01 6.1421792727e-02 2.0631041068e+02 5.0148537110e+01 1.0179929391e+01 -9.3587347951e+01 1.1296363129e+01 1.4451788506e+02 5.5435995615e+00 4.7932458067e-01 1.6883913845e+00 1.5655208586e+01 2.5301380776e+00
2.1700000000e-01 6.1600855146e-02 2.0728572492e+02 5.0472819072e+01 1.0309164478e+01 -9.3626256772e+01 1.1444497604e+01 1.4488107584e+02 5.6089698867e+00 4.8416126655e-01 1.7182406963e+00 1.5748405278e+01 2.5606517260e+00
2.1800000000e-01 6.1778492837e-02 2.0826131996e+02 5.0796677066e+01 1.0439547856e+01 -9.3663948588e+01 1.1594042322e+01 1.4524262565e+02 5.6745578670e+00 4.8901236359e-01 1.7484977924e+00 1.5842035380e+01 2.5914144523e+00
2.1900000000e-01 6.1954725266e-02 2.0923719551e+02 5.1120063505e+01 1.0571088590e+01 -9.3700490843e+01 1.1745007130e+01 1.4560255435e+02 5.7403522959e+00 4.9387782816e-01 1.7791670587e+00 1.5936091529e+01 2.6224275088e+00
2.2000000000e-01 6.2129572523e-02 2.1021335116e+02 5.1442930231e+01 1.0703798836e+01 -9.3735951951e+01 1.1897412463e+01 1.4596088218e+02 5.8063416989e+00 4.9875762768e-01 1.8102540770e+00 1.6030566074e+01 2.6536921511e+00
2.2100000000e-01 6.2303055204e-02 2.1118978644e+02 5.1765228611e+01 1.0837670866e+01 -9.3770401079e+01 1.2051244356e+01 1.4631762969e+02 5.8725143254e+00 5.0365173960e-01 1.8417594642e+00 1.6125451230e+01 2.6852096377e+00
2.2200000000e-01 6.2475194476e-02 2.1216650077e+02 5.2086909377e+01 1.0972725492e+01 -9.3803908389e+01 1.2206532461e+01 1.4667281777e+02 5.9388581518e+00 5.0856015237e-01 1.8736906392e+00 1.6220738868e+01 2.7169812305e+00
2.2300000000e-01 6.2646011980e-02 2.1314349354e+02 5.2407922911e+01 1.1108963644e+01 -9.3836544663e+01 1.2363276894e+01 1.4702646758e+02 6.0053608923e+00 5.1348286456e-01 1.9060507664e+00 1.6316420771e+01 2.7490081943e+00
2.2400000000e-01 6.2815529842e-02 2.1412076402e+02 5.2728218967e+01 1.1246398286e+01 -9.3868381607e+01 1.2521496255e+01 1.4737860058e+02 6.0720099777e+00 5.1841988527e-01 1.9388451564e+00 1.6412488428e+01 2.7812917975e+00
2.2500000000e-01 6.2983770660e-02 2.1509831140e+02 5.3047746882e+01 1.1385026900e+01 -9.3899491617e+01 1.2681187907e+01 1.4772923850e+02 6.1387925814e+00 5.2337123417e-01 1.9720761194e+00 1.6508933130e+01 2.8138333114e+00
2.2600000000e-01 6.3150757446e-02 2.1607613481e+02 5.3366455562e+01 1.1524860532e+01 -9.3929947756e+01 1.2842365893e+01 1.4807840332e+02 6.2056956104e+00 5.2833694106e-01 2.0057488268e+00 1.6605745989e+01 2.8466340109e+00
2.2700000000e-01 6.3316513615e-02 2.1705423327e+02 5.3684293406e+01 1.1665913270e+01 -9.3959823826e+01 1.3005049718e+01 1.4842611723e+02 6.2727057013e+00 5.3331704595e-01 2.0398691783e+00 1.6702917884e+01 2.8796951745e+00
2.2800000000e-01 6.3481062989e-02 2.1803260573e+02 5.4001208398e+01 1.1808173802e+01 -9.3989194280e+01 1.3169223389e+01 1.4877240268e+02 6.3398092338e+00 5.3831159932e-01 2.0744373637e+00 1.6800439474e+01 2.9130180837e+00
2.2900000000e-01 6.3644429746e-02 2.1901125107e+02 5.4317148193e+01 1.1951674808e+01 -9.4018134101e+01 1.3334930299e+01 1.4911728230e+02 6.4069923295e+00 5.4332066169e-01 2.1094638346e+00 1.6898301297e+01 2.9466040240e+00
2.3000000000e-01 6.3806638392e-02 2.1999016808e+02 5.4632059949e+01 1.2096403176e+01 -9.4046718942e+01 1.3502153195e+01 1.4946077889e+02 6.4742408456e+00 5.4834430349e-01 2.1449483209e+00 1.6996493626e+01 2.9804542842e+00
2.3100000000e-01 6.3967713758e-02 2.2096935544e+02 5.4945890487e+01 1.2242380709e+01 -9.4075024971e+01 1.3670921686e+01 1.4980291546e+02 6.5415403925e+00 5.5338260519e-01 2.1808985174e+00 1.7095006545e+01 3.0145701569e+00
2.3200000000e-01 6.4127680956e-02 2.2194881180e+02 5.5258586275e+01 1.2389593944e+01 -9.4103128868e+01 1.3841219879e+01 1.5014371514e+02 6.6088763184e+00 5.5843565696e-01 2.2173144826e+00 1.7193830004e+01 3.0489529384e+00
2.3300000000e-01 6.4286565362e-02 2.2292853567e+02 5.5570093450e+01 1.2538072311e+01 -9.4131107765e+01 1.4013081950e+01 1.5048320121e+02 6.6762337309e+00 5.6350355861e-01 2.2542054497e+00 1.7292953741e+01 3.0836039289e+00
2.3400000000e-01 6.4444392617e-02 2.2390852552e+02 5.5880357773e+01 1.2687815344e+01 -9.4159039316e+01 1.4186507002e+01 1.5082139709e+02 6.7435974888e+00 5.6858641971e-01 2.2915742865e+00 1.7392367272e+01 3.1185244325e+00
2.3500000000e-01 6.4601188548e-02 2.2488877972e+02 5.6189324803e+01 1.2838820541e+01 -9.4187001459e+01 1.4361503839e+01 1.5115832626e+02 6.8109522090e+00 5.7368435888e-01 2.3294238659e+00 1.7492060039e+01 3.1537157573e+00
2.3600000000e-01 6.4756979214e-02 2.2586929656e+02 5.6496939712e+01 1.2991116612e+01 -9.4215072632e+01 1.4538093665e+01 1.5149401234e+02 6.8782822527e+00 5.7879750434e-01 2.3677628238e+00 1.7592021279e+01 3.1891792154e+00
2.3700000000e-01 6.4911790838e-02 2.2685007424e+02 5.6803147424e+01 1.3144691680e+01 -9.4243331584e+01 1.4716269758e+01 1.5182847901e+02 6.9455717707e+00 5.8392599330e-01 2.4065923749e+00 1.7692239969e+01 3.2249161231e+00
2.3800000000e-01 6.5065649734e-02 2.2783111090e+02 5.7107892652e+01 1.3299560929e+01 -9.4271857306e+01 1.4896051528e+01 1.5216174996e+02 7.0128046571e+00 5.8906997114e-01 2.4459185388e+00 1.7792705078e+01 3.2609278010e+00
2.3900000000e-01 6.5218582484e-02 2.2881240456e+02 5.7411119814e+01 1.3455728643e+01 -9.4300729206e+01 1.5077442730e+01 1.5249384902e+02 7.0799645909e+00 5.9422959368e-01 2.4857451054e+00 1.7893405268e+01 3.2972155740e+00
2.4000000000e-01 6.5370615608e-02 2.2979395320e+02 5.7712773217e+01 1.3613207111e+01 -9.4330026719e+01 1.5260459078e+01 1.5282479994e+02 7.1470350143e+00 5.9940502326e-01 2.5260781164e+00 1.7994329226e+01 3.3337807715e+00
2.4100000000e-01 6.5521775827e-02 2.3077575471e+02 5.8012796846e+01 1.3771999045e+01 -9.4359829704e+01 1.5445106892e+01 1.5315462655e+02 7.2139991526e+00 6.0459643194e-01 2.5669214610e+00 1.8095465325e+01 3.3706247274e+00
2.4200000000e-01 6.5672089921e-02 2.3175780687e+02 5.8311134596e+01 1.3932117321e+01 -9.4390218104e+01 1.5631399659e+01 1.5348335270e+02 7.2808400072e+00 6.0980399997e-01 2.6082809621e+00 1.8196801898e+01 3.4077487801e+00
2.4300000000e-01 6.5821584647e-02 2.3274010741e+02 5.8607730156e+01 1.4093566385e+01 -9.4421271995e+01 1.5819343441e+01 1.5381100215e+02 7.3475403701e+00 6.1502791476e-01 2.6501610093e+00 1.8298327091e+01 3.4451542729e+00
2.4400000000e-01 6.5970286793e-02 2.3372265397e+02 5.8902527143e+01 1.4256353458e+01 -9.4453071505e+01 1.6008949739e+01 1.5413759865e+02 7.4140828224e+00 6.2026837158e-01 2.6925661616e+00 1.8400028981e+01 3.4828425541e+00
2.4500000000e-01 6.6118223215e-02 2.3470544411e+02 5.9195468920e+01 1.4420491618e+01 -9.4485697024e+01 1.6200234306e+01 1.5446316594e+02 7.4804497335e+00 6.2552557411e-01 2.7355028360e+00 1.8501895395e+01 3.5208149764e+00
2.4600000000e-01 6.6265420673e-02 2.3568847532e+02 5.9486498916e+01 1.4585980391e+01 -9.4519228754e+01 1.6393195532e+01 1.5478772767e+02 7.5466232753e+00 6.3079973240e-01 2.7789739231e+00 1.8603914198e+01 3.5590728981e+00
2.4700000000e-01 6.6411905919e-02 2.3667174500e+02 5.9775560344e+01 1.4752827763e+01 -9.4553747060e+01 1.6587843924e+01 1.5511130741e+02 7.6125854189e+00 6.3609106406e-01 2.8229844115e+00 1.8706073018e+01 3.5976176824e+00
2.4800000000e-01 6.6557705634e-02 2.3765525048e+02 6.0062596406e+01 1.4921054490e+01 -9.4589332236e+01 1.6784206255e+01 1.5543392864e+02 7.6783179420e+00 6.4139979337e-01 2.8675426810e+00 1.8808359420e+01 3.6364506977e+00
2.4900000000e-01 6.6702846454e-02 2.3863898900e+02 6.0347550249e+01 1.5090654418e+01 -9.4626064532e+01 1.6982269831e+01 1.5575561478e+02 7.7438024388e+00 6.4672615173e-01 2.9126501999e+00 1.8910760830e+01 3.6755733179e+00
2.5000000000e-01 6.6847354873e-02 2.3962295774e+02 6.0630364996e+01 1.5261648170e+01 -9.4664024098e+01 1.7182071732e+01 1.5607638910e+02 7.8090203128e+00 6.5207037638e-01 2.9583153702e+00 1.9013264608e+01 3.7149869222e+00
2.5100000000e-01 6.6991257286e-02 2.4060715381e+02 6.0910983745e+01 1.5434023911e+01 -9.4703290979e+01 1.7383586565e+01 1.5639627472e+02 7.8739527908e+00 6.5743271096e-01 3.0045382240e+00 1.9115857986e+01 3.7546928956e+00
2.5200000000e-01 6.7134579946e-02 2.4159157423e+02 6.1189349614e+01 1.5607810081e+01 -9.4743945051e+01 1.7586854335e+01 1.5671529466e+02 7.9385809205e+00 6.6281340493e-01 3.0513294419e+00 1.9218528137e+01 3.7946926285e+00
2.5300000000e-01 6.7277348971e-02 2.4257621594e+02 6.1465405750e+01 1.5783006866e+01 -9.4786066031e+01 1.7791875962e+01 1.5703347178e+02 8.0028855927e+00 6.6821271365e-01 3.0986918147e+00 1.9321262091e+01 3.8349875175e+00
2.5400000000e-01 6.7419590318e-02 2.4356107582e+02 6.1739095341e+01 1.5959627068e+01 -9.4829733424e+01 1.7998663886e+01 1.5735082877e+02 8.0668475175e+00 6.7363089802e-01 3.1466323370e+00 1.9424046855e+01 3.8755789646e+00
2.5500000000e-01 6.7561329696e-02 2.4454615069e+02 6.2010361614e+01 1.6137675625e+01 -9.4875026485e+01 1.8207226383e+01 1.5766738810e+02 8.1304472574e+00 6.7906822330e-01 3.1951547848e+00 1.9526869292e+01 3.9164683782e+00
2.5600000000e-01 6.7702592727e-02 2.4553143726e+02 6.2279147914e+01 1.6317148220e+01 -9.4922024232e+01 1.8417557620e+01 1.5798317215e+02 8.1936652128e+00 6.8452496120e-01 3.2442621333e+00 1.9629716242e+01 3.9576571727e+00
2.5700000000e-01 6.7843404703e-02 2.4651693221e+02 6.2545397669e+01 1.6498068205e+01 -9.4970805335e+01 1.8629688117e+01 1.5829820300e+02 8.2564816356e+00 6.9000138663e-01 3.2939630213e+00 1.9732574474e+01 3.9991467689e+00
2.5800000000e-01 6.7983790774e-02 2.4750263213e+02 6.2809054436e+01 1.6680451515e+01 -9.5021448164e+01 1.8843635427e+01 1.5861250260e+02 8.3188766399e+00 6.9549778011e-01 3.3442648088e+00 1.9835430663e+01 4.0409385935e+00
2.5900000000e-01 6.8123775756e-02 2.4848853353e+02 6.3070061874e+01 1.6864285536e+01 -9.5074030727e+01 1.9059383269e+01 1.5892609260e+02 8.3808301941e+00 7.0101442519e-01 3.3951683961e+00 1.9938271434e+01 4.0830340801e+00
2.6000000000e-01 6.8263384322e-02 2.4947463289e+02 6.3328363846e+01 1.7049589215e+01 -9.5128630669e+01 1.9276956236e+01 1.5923899452e+02 8.4423221359e+00 7.0655161090e-01 3.4466811601e+00 2.0041083377e+01 4.1254346687e+00
2.6100000000e-01 6.8402640747e-02 2.5046092657e+02 6.3583904277e+01 1.7236373311e+01 -9.5185325246e+01 1.9496365837e+01 1.5955122952e+02 8.5033321753e+00 7.1210962829e-01 3.4988095184e+00 2.0143852945e+01 4.1681418061e+00
2.6200000000e-01 6.8541569136e-02 2.5144741092e+02 6.3836627436e+01 1.7424643358e+01 -9.5244191199e+01 1.9717621903e+01 1.5986281863e+02 8.5638398964e+00 7.1768877343e-01 3.5515586033e+00 2.0246566689e+01 4.2111569456e+00
2.6300000000e-01 6.8680193245e-02 2.5243408217e+02 6.4086477680e+01 1.7614419907e+01 -9.5305304884e+01 1.9940743930e+01 1.6017378256e+02 8.6238247720e+00 7.2328934488e-01 3.6049359859e+00 2.0349210993e+01 4.2544815476e+00
2.6400000000e-01 6.8818536484e-02 2.5342093653e+02 6.4333399634e+01 1.7805691154e+01 -9.5368742113e+01 2.0165718493e+01 1.6048414174e+02 8.6832661619e+00 7.2891164365e-01 3.6589434148e+00 2.0451772261e+01 4.2981170796e+00
2.6500000000e-01 6.8956622041e-02 2.5440797012e+02 6.4577338150e+01 1.7998474154e+01 -9.5434578239e+01 2.0392575101e+01 1.6079391639e+02 8.7421433176e+00 7.3455597478e-01 3.7135881545e+00 2.0554236843e+01 4.3420650159e+00
2.6600000000e-01 6.9094472694e-02 2.5539517901e+02 6.4818238323e+01 1.8192780976e+01 -9.5502888058e+01 2.0621318700e+01 1.6110312638e+02 8.8004353892e+00 7.4022264475e-01 3.7688771563e+00 2.0656591066e+01 4.3863268383e+00
2.6700000000e-01 6.9232110878e-02 2.5638255920e+02 6.5056045563e+01 1.8388610090e+01 -9.5573745742e+01 2.0851948940e+01 1.6141179130e+02 8.8581214395e+00 7.4591196214e-01 3.8248134892e+00 2.0758821249e+01 4.4309040358e+00
2.6800000000e-01 6.9369558762e-02 2.5737010664e+02 6.5290705527e+01 1.8585997280e+01 -9.5647224989e+01 2.1084511734e+01 1.6171993051e+02 8.9151804377e+00 7.5162423879e-01 3.8814096382e+00 2.0860913651e+01 4.4757981047e+00
2.6900000000e-01 6.9506838103e-02 2.5835781721e+02 6.5522164184e+01 1.8784913322e+01 -9.5723398835e+01 2.1318965191e+01 1.6202756302e+02 8.9715912710e+00 7.5735978748e-01 3.9386615516e+00 2.0962854528e+01 4.5210105490e+00
2.7000000000e-01 6.9643970248e-02 2.5934568673e+02 6.5750367847e+01 1.8985401279e+01 -9.5802339638e+01 2.1555366693e+01 1.6233470749e+02 9.0273327514e+00 7.6311892196e-01 3.9965846552e+00 2.1064630147e+01 4.5665428803e+00
2.7100000000e-01 6.9780976266e-02 2.6033371099e+02 6.5975263167e+01 1.9187454023e+01 -9.5884119172e+01 2.1793706200e+01 1.6264138234e+02 9.0823836184e+00 7.6890195860e-01 4.0551799428e+00 2.1166226755e+01 4.6123966178e+00
2.7200000000e-01 6.9917876791e-02 2.6132188567e+02 6.6196797087e+01 1.9391075093e+01 -9.5968808561e+01 2.2033986569e+01 1.6294760565e+02 9.1367225457e+00 7.7470921413e-01 4.1144524724e+00 2.1267630539e+01 4.6585732885e+00
2.7300000000e-01 7.0054692068e-02 2.6231020646e+02 6.6414917058e+01 1.9596288433e+01 -9.6056478086e+01 2.2276234248e+01 1.6325339515e+02 9.1903281543e+00 7.8054100611e-01 4.1744125079e+00 2.1368827808e+01 4.7050744276e+00
2.7400000000e-01 7.0191441959e-02 2.6329866893e+02 6.6629570745e+01 1.9803090023e+01 -9.6147197505e+01 2.2520446982e+01 1.6355876825e+02 9.2431790007e+00 7.8639765292e-01 4.2350615525e+00 2.1469804735e+01 4.7519015779e+00
2.7500000000e-01 7.0328145934e-02 2.6428726865e+02 6.6840706352e+01 2.0011501963e+01 -9.6241035700e+01 2.2766653798e+01 1.6386374205e+02 9.2952536095e+00 7.9227947348e-01 4.2964102141e+00 2.1570547581e+01 4.7990562906e+00
2.7600000000e-01 7.0464823037e-02 2.6527600112e+02 6.7048272446e+01 2.0221530258e+01 -9.6338060844e+01 2.3014855827e+01 1.6416833329e+02 9.3465304542e+00 7.9818678661e-01 4.3584635868e+00 2.1671042608e+01 4.8465401250e+00
2.7700000000e-01 7.0601491939e-02 2.6626486177e+02 6.7252217988e+01 2.0433181522e+01 -9.6438340384e+01 2.3265064784e+01 1.6447255838e+02 9.3969879708e+00 8.0411991170e-01 4.4212272603e+00 2.1771276051e+01 4.8943546486e+00
2.7800000000e-01 7.0738170847e-02 2.6725384600e+02 6.7452492492e+01 2.0646454711e+01 -9.6541940865e+01 2.3517271815e+01 1.6477643336e+02 9.4466045791e+00 8.1007916720e-01 4.4847040686e+00 2.1871234236e+01 4.9425014375e+00
2.7900000000e-01 7.0874877587e-02 2.6824294916e+02 6.7649045852e+01 2.0861385154e+01 -9.6648928102e+01 2.3771525884e+01 1.6507997395e+02 9.4953586712e+00 8.1606487172e-01 4.5489085592e+00 2.1970903436e+01 4.9909820759e+00
2.8000000000e-01 7.1011629574e-02 2.6923216654e+02 6.7841828419e+01 2.1077953316e+01 -9.6759367122e+01 2.4027801765e+01 1.6538319554e+02 9.5432286116e+00 8.2207734347e-01 4.6138378924e+00 2.2070269967e+01 5.0397981567e+00
2.8100000000e-01 7.1148443763e-02 2.7022149340e+02 6.8030791119e+01 2.1296192799e+01 -9.6873322002e+01 2.4286134739e+01 1.6568611312e+02 9.5901927748e+00 8.2811689932e-01 4.6795053337e+00 2.2169320190e+01 5.0889512817e+00
2.8200000000e-01 7.1285336710e-02 2.7121092493e+02 6.8215885337e+01 2.1516100356e+01 -9.6990856017e+01 2.4546523802e+01 1.6598874135e+02 9.6362295163e+00 8.3418385562e-01 4.7459145632e+00 2.2268040500e+01 5.1384430609e+00
2.8300000000e-01 7.1422324527e-02 2.7220045631e+02 6.8397062965e+01 2.1737674882e+01 -9.7112031572e+01 2.4808965292e+01 1.6629109454e+02 9.6813171957e+00 8.4027852729e-01 4.8130686173e+00 2.2366417304e+01 5.1882751134e+00
2.8400000000e-01 7.1559422947e-02 2.7319008265e+02 6.8574276491e+01 2.1960964780e+01 -9.7236910159e+01 2.5073518293e+01 1.6659318666e+02 9.7254341937e+00 8.4640122884e-01 4.8809845313e+00 2.2464437059e+01 5.2384490671e+00
2.8500000000e-01 7.1696647140e-02 2.7417979900e+02 6.8747478860e+01 2.2185938901e+01 -9.7365552387e+01 2.5340146964e+01 1.6689503125e+02 9.7685588927e+00 8.5255227111e-01 4.9496585255e+00 2.2562086236e+01 5.2889665589e+00
2.8600000000e-01 7.1834012011e-02 2.7516960042e+02 6.8916623663e+01 2.2412639026e+01 -9.7498017919e+01 2.5608894092e+01 1.6719664158e+02 9.8106697001e+00 8.5873196601e-01 5.0191052127e+00 2.2659351391e+01 5.3398292345e+00
2.8700000000e-01 7.1971531925e-02 2.7615948189e+02 6.9081665016e+01 2.2641048397e+01 -9.7634365503e+01 2.5879741447e+01 1.6749803052e+02 9.8517450486e+00 8.6494062189e-01 5.0893242444e+00 2.2756219103e+01 5.3910387488e+00
2.8800000000e-01 7.2109220862e-02 2.7714943837e+02 6.9242557651e+01 2.2871183457e+01 -9.7774652941e+01 2.6152709648e+01 1.6779921059e+02 9.8917634067e+00 8.7117854589e-01 5.1603234157e+00 2.2852676007e+01 5.4425967659e+00
2.8900000000e-01 7.2247092356e-02 2.7813946476e+02 6.9399256889e+01 2.3103071008e+01 -9.7918937075e+01 2.6427830205e+01 1.6810019397e+02 9.9307032874e+00 8.7744604285e-01 5.2321157376e+00 2.2948708765e+01 5.4945049590e+00
2.9000000000e-01 7.2385159474e-02 2.7912955593e+02 6.9551718652e+01 2.3336713278e+01 -9.8067273767e+01 2.6705101890e+01 1.6840099242e+02 9.9685432421e+00 8.8374341469e-01 5.3047041397e+00 2.3044304113e+01 5.5467650107e+00
2.9100000000e-01 7.2523434923e-02 2.8011970673e+02 6.9699899531e+01 2.3572114319e+01 -9.8219717895e+01 2.6984527720e+01 1.6870161742e+02 1.0005261882e+01 8.9007096213e-01 5.3780951392e+00 2.3139448848e+01 5.5993786128e+00
2.9200000000e-01 7.2661930945e-02 2.8110991196e+02 6.9843756701e+01 2.3809274567e+01 -9.8376323377e+01 2.7266114045e+01 1.6900208008e+02 1.0040837864e+01 8.9642898272e-01 5.4522929823e+00 2.3234129819e+01 5.6523474666e+00
2.9300000000e-01 7.2800659349e-02 2.8210016639e+02 6.9983248051e+01 2.4048248190e+01 -9.8537143068e+01 2.7549916639e+01 1.6930239112e+02 1.0075249928e+01 9.0281777125e-01 5.5273168975e+00 2.3328333939e+01 5.7056732828e+00
2.9400000000e-01 7.2939631526e-02 2.8309046474e+02 7.0118332060e+01 2.4288984944e+01 -9.8702228873e+01 2.7835873882e+01 1.6960256093e+02 1.0108476868e+01 9.0923761982e-01 5.6031551953e+00 2.3422048171e+01 5.7593577818e+00
2.9500000000e-01 7.3078858460e-02 2.8408080173e+02 7.0248967940e+01 2.4531538305e+01 -9.8871631639e+01 2.8124059562e+01 1.6990259958e+02 1.0140497571e+01 9.1568881785e-01 5.6798280959e+00 2.3515259544e+01 5.8134026932e+00
2.9600000000e-01 7.3218350694e-02 2.8507117203e+02 7.0375115601e+01 2.4775925671e+01 -9.9045401138e+01 2.8414483433e+01 1.7020251674e+02 1.0171290993e+01 9.2217165139e-01 5.7573476887e+00 2.3607955221e+01 5.8678097566e+00
2.9700000000e-01 7.3358118350e-02 2.8606157028e+02 7.0496735605e+01 2.5022098953e+01 -9.9223586150e+01 2.8707087187e+01 1.7050232175e+02 1.0200836188e+01 9.2868640326e-01 5.8356993772e+00 2.3700122364e+01 5.9225807212e+00
2.9800000000e-01 7.3498171182e-02 2.8705199109e+02 7.0613789222e+01 2.5270147083e+01 -9.9406234440e+01 2.9001982347e+01 1.7080202366e+02 1.0229112307e+01 9.3523335381e-01 5.9149164242e+00 2.3791748193e+01 5.9777173457e+00
2.9900000000e-01 7.3638518479e-02 2.8804242903e+02 7.0726238463e+01 2.5520029707e+01 -9.9593392653e+01 2.9299113322e+01 1.7110163111e+02 1.0256098600e+01 9.4181277910e-01 5.9949901077e+00 2.3882820049e+01 6.0332213989e+00
3.0000000000e-01 7.3779169124e-02 2.8903287867e+02 7.0834046082e+01 2.5771763469e+01 -9.9785106346e+01 2.9598498076e+01 1.7140115243e+02 1.0281774420e+01 9.4842495173e-01 6.0759302673e+00 2.3973325380e+01 6.0890946593e+00
3.0100000000e-01 7.3920131666e-02 2.9002333455e+02 7.0937175591e+01 2.6025371216e+01 -9.9981420047e+01 2.9900168345e+01 1.7170059564e+02 1.0306119247e+01 9.5507014193e-01 6.1577474006e+00 2.4063251669e+01 6.1453389152e+00
3.0200000000e-01 7.4061414164e-02 2.9101379115e+02 7.1035591129e+01 2.6280854468e+01 -1.0018237725e+02 3.0204120543e+01 1.7199996838e+02 1.0329112674e+01 9.6174861476e-01 6.2404461533e+00 2.4152586413e+01 6.2019559650e+00
3.0300000000e-01 7.4203024356e-02 2.9200424297e+02 7.1129257767e+01 2.6538244348e+01 -1.0038802025e+02 3.0510389579e+01 1.7229927802e+02 1.0350734415e+01 9.6846063277e-01 6.3240399651e+00 2.4241317355e+01 6.2589476168e+00
3.0400000000e-01 7.4344969538e-02 2.9299468446e+02 7.1218141253e+01 2.6797531557e+01 -1.0059839031e+02 3.0818962858e+01 1.7259853156e+02 1.0370964331e+01 9.7520645386e-01 6.4085308920e+00 2.4329432203e+01 6.3163156889e+00
3.0500000000e-01 7.4487256656e-02 2.9398511006e+02 7.1302208107e+01 2.7058733395e+01 -1.0081352760e+02 3.1129871550e+01 1.7289773571e+02 1.0389782407e+01 9.8198633262e-01 6.4939284820e+00 2.4416918774e+01 6.3740620097e+00
3.0600000000e-01 7.4629892266e-02 2.9497551418e+02 7.1381425663e+01 2.7321858325e+01 -1.0103347121e+02 3.1443104014e+01 1.7319689687e+02 1.0407168778e+01 9.8880051959e-01 6.5802383850e+00 2.4503765001e+01 6.4321884175e+00
3.0700000000e-01 7.4772882517e-02 2.9596589121e+02 7.1455762052e+01 2.7586931766e+01 -1.0125825903e+02 3.1758703216e+01 1.7349602108e+02 1.0423103732e+01 9.9564926070e-01 6.6674747154e+00 2.4589958890e+01 6.4906967609e+00
3.0800000000e-01 7.4916233227e-02 2.9695623553e+02 7.1525186234e+01 2.7853926643e+01 -1.0148792790e+02 3.2076630227e+01 1.7379511413e+02 1.0437567718e+01 1.0025327985e+00 6.7556317525e+00 2.4675488548e+01 6.5495888984e+00
3.0900000000e-01 7.5059949855e-02 2.9794654150e+02 7.1589667911e+01 2.8122885934e+01 -1.0172251359e+02 3.2396933119e+01 1.7409418150e+02 1.0450541330e+01 1.0094513715e+00 6.8447281772e+00 2.4760342156e+01 6.6088666989e+00
3.1000000000e-01 7.5204037470e-02 2.9893680345e+02 7.1649177680e+01 2.8393850502e+01 -1.0196205066e+02 3.2719671875e+01 1.7439322834e+02 1.0462005345e+01 1.0164052135e+00 6.9347816955e+00 2.4844508021e+01 6.6685320414e+00
3.1100000000e-01 7.5348500784e-02 2.9992701571e+02 7.1703686928e+01 2.8666780345e+01 -1.0220657260e+02 3.3044780971e+01 1.7469225953e+02 1.0471940708e+01 1.0233945541e+00 7.0257820568e+00 2.4927974527e+01 6.7285868154e+00
3.1200000000e-01 7.5493344169e-02 3.0091717259e+02 7.1753167910e+01 2.8941690341e+01 -1.0245611172e+02 3.3372281513e+01 1.7499127963e+02 1.0480328548e+01 1.0304196187e+00 7.1177391795e+00 2.5010730176e+01 6.7890329203e+00
3.1300000000e-01 7.5638571680e-02 3.0190726838e+02 7.1797593701e+01 2.9218639853e+01 -1.0271069929e+02 3.3702240751e+01 1.7529029299e+02 1.0487150178e+01 1.0374806287e+00 7.2106769604e+00 2.5092763539e+01 6.8498722661e+00
3.1400000000e-01 7.5784186983e-02 3.0289729736e+02 7.1836938241e+01 2.9497588002e+01 -1.0297036534e+02 3.4034618049e+01 1.7558930358e+02 1.0492387093e+01 1.0445778005e+00 7.3045871254e+00 2.5174063341e+01 6.9111067729e+00
3.1500000000e-01 7.5930193466e-02 3.0388725379e+02 7.1871176303e+01 2.9778581288e+01 -1.0323513889e+02 3.4369456403e+01 1.7588831519e+02 1.0496020992e+01 1.0517113468e+00 7.3994880552e+00 2.5254618350e+01 6.9727383715e+00
3.1600000000e-01 7.6076594139e-02 3.0487713194e+02 7.1900283590e+01 3.0061610230e+01 -1.0350504767e+02 3.4706739095e+01 1.7618733126e+02 1.0498033786e+01 1.0588814750e+00 7.4953822143e+00 2.5334417488e+01 7.0347690028e+00
3.1700000000e-01 7.6223391729e-02 3.0586692605e+02 7.1924236580e+01 3.0346678222e+01 -1.0378011845e+02 3.5046495194e+01 1.7648635503e+02 1.0498407565e+01 1.0660883888e+00 7.5922733762e+00 2.5413449762e+01 7.0972006182e+00
3.1800000000e-01 7.6370588638e-02 3.0685663037e+02 7.1943012743e+01 3.0633822926e+01 -1.0406037670e+02 3.5388734916e+01 1.7678538944e+02 1.0497124663e+01 1.0733322871e+00 7.6901809069e+00 2.5491704306e+01 7.1600351795e+00
3.1900000000e-01 7.6518186949e-02 3.0784623911e+02 7.1956590338e+01 3.0923068104e+01 -1.0434584685e+02 3.5733505103e+01 1.7708443719e+02 1.0494167615e+01 1.0806133639e+00 7.7891144308e+00 2.5569170327e+01 7.2232746591e+00
3.2000000000e-01 7.6666188460e-02 3.0883574649e+02 7.1964948512e+01 3.1214389856e+01 -1.0463655221e+02 3.6080764485e+01 1.7738350072e+02 1.0489519172e+01 1.0879318094e+00 7.8890725437e+00 2.5645837164e+01 7.2869210398e+00
