# n, x, eps, P, P_e, P_std
0.0000000000e+00 9.6161694427e-02 0.0000000000e+00 nan 0.0000000000e+00 nan
1.0000000000e-03 1.8500427966e-03 9.4033043879e-01 5.0623974646e-04 3.4503102786e-06 1.7480532117e-08
2.0000000000e-03 7.2887541480e-04 1.8814887738e+00 1.3539128979e-03 2.5091349944e-06 1.7790222626e-07
3.0000000000e-03 1.1801451702e-03 2.8231205801e+00 2.4237154109e-03 8.2107280961e-06 6.9128280584e-07
4.0000000000e-03 1.6972542336e-03 3.7651353142e+00 3.7217810232e-03 1.9580983159e-05 1.8124575774e-06
5.0000000000e-03 2.2488949562e-03 4.7074849502e+00 5.2444268759e-03 3.8392817494e-05 3.8301878171e-06
6.0000000000e-03 2.8138744766e-03 5.6501387371e+00 6.9774003714e-03 6.6031032408e-05 7.0618086704e-06
7.0000000000e-03 3.3783447561e-03 6.5930733057e+00 8.8999913636e-03 1.0350667688e-04 1.1849854578e-05
8.0000000000e-03 3.9336752527e-03 7.5362690201e+00 1.0988909039e-02 1.5152371358e-04 1.8559717246e-05
9.0000000000e-03 4.4748384850e-03 8.4797084846e+00 1.3220955302e-02 2.1055640471e-04 2.7578018604e-05
1.0000000000e-02 4.9992356214e-03 9.4233758938e+00 1.5574663426e-02 2.8091914415e-04 3.9311195252e-05
1.1000000000e-02 5.5058660249e-03 1.0367256735e+01 1.8031193758e-02 3.6282267144e-04 5.4184443792e-05
1.2000000000e-02 5.9947509018e-03 1.1311337644e+01 2.0574727056e-02 4.5641627939e-04 7.2640869403e-05
1.3000000000e-02 6.4665387671e-03 1.2255606325e+01 2.3192530520e-02 5.6181786704e-04 9.5140756583e-05
1.4000000000e-02 6.9222387877e-03 1.3200051497e+01 2.5874818839e-02 6.7913430614e-04 1.2216084518e-04
1.5000000000e-02 7.3630430242e-03 1.4144662844e+01 2.8614494654e-02 8.0847447452e-04 1.5419379038e-04
1.6000000000e-02 7.7902099534e-03 1.5089430967e+01 3.1406825690e-02 9.4995693354e-04 1.9174791190e-04
1.7000000000e-02 8.2049901260e-03 1.6034347334e+01 3.4249097238e-02 1.1037138392e-03 2.3534617776e-04
1.8000000000e-02 8.6085804033e-03 1.6979404223e+01 3.7140265798e-02 1.2698922605e-03 2.8552653224e-04
1.9000000000e-02 9.0020975765e-03 1.7924594668e+01 4.0080629950e-02 1.4486537980e-03 3.4284088507e-04
2.0000000000e-02 9.3865649543e-03 1.8869912398e+01 4.3071528413e-02 1.6401731447e-03 4.0785519899e-04
2.1000000000e-02 9.7629074824e-03 1.9815351780e+01 4.6115070782e-02 1.8446360395e-03 4.8114958225e-04
2.2000000000e-02 1.0131952323e-02 2.0760907763e+01 4.9213902846e-02 2.0622369193e-03 5.6331685160e-04
2.3000000000e-02 1.0494432922e-02 2.1706575819e+01 5.2371007289e-02 2.2931765121e-03 6.5496384342e-04
2.4000000000e-02 1.0850995002e-02 2.2652351893e+01 5.5589537485e-02 2.5376594761e-03 7.5670930558e-04
2.5000000000e-02 1.1202203713e-02 2.3598232353e+01 5.8872683471e-02 2.7958922241e-03 8.6918589656e-04
2.6000000000e-02 1.1548551131e-02 2.4544213945e+01 6.2223566022e-02 3.0680809416e-03 9.9303898305e-04
2.7000000000e-02 1.1890463816e-02 2.5490293748e+01 6.5645157476e-02 3.3544298621e-03 1.1289255671e-03
2.8000000000e-02 1.2228310112e-02 2.6436469137e+01 6.9140224028e-02 3.6551397960e-03 1.2775156324e-03
2.9000000000e-02 1.2562407030e-02 2.7382737747e+01 7.2711289545e-02 3.9704069106e-03 1.4394909023e-03
3.0000000000e-02 1.2893026663e-02 2.8329097441e+01 7.6360614600e-02 4.3004217670e-03 1.6155476756e-03
3.1000000000e-02 1.3220402049e-02 2.9275546285e+01 8.0090191114e-02 4.6453685857e-03 1.8063899167e-03
3.2000000000e-02 1.3544732494e-02 3.0222082519e+01 8.3901747823e-02 5.0054247274e-03 2.0127392404e-03
3.3000000000e-02 1.3866188400e-02 3.1168704538e+01 8.7796766065e-02 5.3807603928e-03 2.2353232562e-03
3.4000000000e-02 1.4184915485e-02 3.2115410872e+01 9.1776502208e-02 5.7715384505e-03 2.4748868075e-03
3.5000000000e-02 1.4501038669e-02 3.3062200169e+01 9.5842016661e-02 6.1779144953e-03 2.7321808331e-03
3.6000000000e-02 1.4814665377e-02 3.4009071181e+01 9.9994205992e-02 6.6000369754e-03 3.0079783502e-03
3.7000000000e-02 1.5125888576e-02 3.4956022754e+01 1.0423383938e-01 7.0380475171e-03 3.3030505373e-03
3.8000000000e-02 1.5434789284e-02 3.5903053816e+01 1.0856159400e-01 7.4920812608e-03 3.6181883483e-03
3.9000000000e-02 1.5741438901e-02 3.6850163366e+01 1.1297809488e-01 7.9622673791e-03 3.9541945927e-03
4.0000000000e-02 1.6045901107e-02 3.7797350474e+01 1.1748395035e-01 8.4487295854e-03 4.3118797674e-03
4.1000000000e-02 1.6348233589e-02 3.8744614268e+01 1.2207978938e-01 8.9515867620e-03 4.6920731877e-03
4.2000000000e-02 1.6648489467e-02 3.9691953933e+01 1.2676629674e-01 9.4709535956e-03 5.0956061224e-03
4.3000000000e-02 1.6946718497e-02 4.0639368709e+01 1.3154424471e-01 1.0006941236e-02 5.5233315716e-03
4.4000000000e-02 1.7242968158e-02 4.1586857884e+01 1.3641452561e-01 1.0559658029e-02 5.9761008435e-03
4.5000000000e-02 1.7537284450e-02 4.2534420796e+01 1.4137817785e-01 1.1129210178e-02 6.4547877697e-03
4.6000000000e-02 1.7829712657e-02 4.3482056827e+01 1.4643641287e-01 1.1715702487e-02 6.9602817270e-03
4.7000000000e-02 1.8120297928e-02 4.4429765409e+01 1.5159063652e-01 1.2319239063e-02 7.4934679584e-03
4.8000000000e-02 1.8409085713e-02 4.5377546017e+01 1.5684246810e-01 1.2939923979e-02 8.0552570490e-03
4.9000000000e-02 1.8696122127e-02 4.6325398170e+01 1.6219375862e-01 1.3577861946e-02 8.6465641232e-03
5.0000000000e-02 1.8981454327e-02 4.7273321434e+01 1.6764660227e-01 1.4233159046e-02 9.2683177207e-03
5.1000000000e-02 1.9265130547e-02 4.8221315421e+01 1.7320334847e-01 1.4905923200e-02 9.9214543556e-03
5.2000000000e-02 1.9547200360e-02 4.9169379787e+01 1.7886660947e-01 1.5596264870e-02 1.0606931447e-02
5.3000000000e-02 1.9827714758e-02 5.0117514234e+01 1.8463926416e-01 1.6304297618e-02 1.1325700239e-02
5.4000000000e-02 2.0106726079e-02 5.1065718512e+01 1.9052446362e-01 1.7030138507e-02 1.2078752834e-02
5.5000000000e-02 2.0384288170e-02 5.2013992418e+01 1.9652562815e-01 1.7773908773e-02 1.2867063356e-02
5.6000000000e-02 2.0660456151e-02 5.2962335795e+01 2.0264644773e-01 1.8535734035e-02 1.3691624759e-02
5.7000000000e-02 2.0935286518e-02 5.3910748534e+01 2.0889087750e-01 1.9315744899e-02 1.4553454742e-02
5.8000000000e-02 2.1208836942e-02 5.4859230575e+01 2.1526312977e-01 2.0114077181e-02 1.5453576829e-02
5.9000000000e-02 2.1481166199e-02 5.5807781908e+01 2.2176767045e-01 2.0930872282e-02 1.6393005963e-02
6.0000000000e-02 2.1752334051e-02 5.6756402568e+01 2.2840920559e-01 2.1766277461e-02 1.7372800206e-02
6.1000000000e-02 2.2022401093e-02 5.7705092640e+01 2.3519267344e-01 2.2620446051e-02 1.8394015544e-02
6.2000000000e-02 2.2291428619e-02 5.8653852258e+01 2.4212323173e-01 2.3493537678e-02 1.9457707402e-02
6.3000000000e-02 2.2559478474e-02 5.9602681605e+01 2.4920624523e-01 2.4385718405e-02 2.0564947648e-02
6.4000000000e-02 2.2826612863e-02 6.0551580910e+01 2.5644727095e-01 2.5297160813e-02 2.1716852811e-02
6.5000000000e-02 2.3092894259e-02 6.1500550450e+01 2.6385204382e-01 2.6228044160e-02 2.2914501528e-02
6.6000000000e-02 2.3358385207e-02 6.2449590550e+01 2.7142646442e-01 2.7178554375e-02 2.4158990867e-02
6.7000000000e-02 2.3623148166e-02 6.3398701581e+01 2.7917657706e-01 2.8148884059e-02 2.5451486488e-02
6.8000000000e-02 2.3887245380e-02 6.4347883960e+01 2.8710856113e-01 2.9139232498e-02 2.6793094780e-02
6.9000000000e-02 2.4150738708e-02 6.5297138147e+01 2.9522871007e-01 3.0149805572e-02 2.8184965867e-02
7.0000000000e-02 2.4413689507e-02 6.6246464651e+01 3.0354341632e-01 3.1180815715e-02 2.9628260883e-02
7.1000000000e-02 2.4676158469e-02 6.7195864017e+01 3.1205915443e-01 3.2232481761e-02 3.1124170628e-02
7.2000000000e-02 2.4938205502e-02 6.8145336837e+01 3.2078246829e-01 3.3305028833e-02 3.2673818966e-02
7.3000000000e-02 2.5199889571e-02 6.9094883742e+01 3.2971994852e-01 3.4398688104e-02 3.4278471677e-02
7.4000000000e-02 2.5461268633e-02 7.0044505403e+01 3.3887822411e-01 3.5513696718e-02 3.5939310448e-02
7.5000000000e-02 2.5722399510e-02 7.0994202529e+01 3.4826394182e-01 3.6650297558e-02 3.7657504714e-02
7.6000000000e-02 2.5983337665e-02 7.1943975867e+01 3.5788375408e-01 3.7808738777e-02 3.9434336735e-02
7.7000000000e-02 2.6244137338e-02 7.2893826198e+01 3.6774430277e-01 3.8989274000e-02 4.1271037777e-02
7.8000000000e-02 2.6504851183e-02 7.3843754339e+01 3.7785220545e-01 4.0192161534e-02 4.3168849711e-02
7.9000000000e-02 2.6765530417e-02 7.4793761141e+01 3.8821404414e-01 4.1417664532e-02 4.5129085906e-02
8.0000000000e-02 2.7026224562e-02 7.5743847484e+01 3.9883635074e-01 4.2666050345e-02 4.7152929389e-02
8.1000000000e-02 2.7286981441e-02 7.6694014282e+01 4.0972559423e-01 4.3937590318e-02 4.9241748390e-02
8.2000000000e-02 2.7547847127e-02 7.7644262474e+01 4.2088817019e-01 4.5232559508e-02 5.1396811642e-02
8.3000000000e-02 2.7808865854e-02 7.8594593030e+01 4.3233039302e-01 4.6551236262e-02 5.3619423280e-02
8.4000000000e-02 2.8070080005e-02 7.9545006948e+01 4.4405848102e-01 4.7893901962e-02 5.5910959259e-02
8.5000000000e-02 2.8331529937e-02 8.0495505245e+01 4.5607854867e-01 4.9260840369e-02 5.8272711979e-02
8.6000000000e-02 2.8593254123e-02 8.1446088968e+01 4.6839660160e-01 5.0652337656e-02 6.0706033497e-02
8.7000000000e-02 2.8855288937e-02 8.2396759182e+01 4.8101852532e-01 5.2068681621e-02 6.3212295480e-02
8.8000000000e-02 2.9117668757e-02 8.3347516979e+01 4.9395007859e-01 5.3510161601e-02 6.5792898127e-02
8.9000000000e-02 2.9380425847e-02 8.4298363467e+01 5.0719688899e-01 5.4977067853e-02 6.8449237398e-02
9.0000000000e-02 2.9643590397e-02 8.5249299777e+01 5.2076444627e-01 5.6469691309e-02 7.1182630709e-02
9.1000000000e-02 2.9907190425e-02 8.6200327053e+01 5.3465809806e-01 5.7988322947e-02 7.3994593737e-02
9.2000000000e-02 3.0171251882e-02 8.7151446464e+01 5.4888304638e-01 5.9533253686e-02 7.6886493646e-02
9.3000000000e-02 3.0435798554e-02 8.8102659189e+01 5.6344433874e-01 6.1104773738e-02 7.9859834155e-02
9.4000000000e-02 3.0700852019e-02 8.9053966424e+01 5.7834688050e-01 6.2703172076e-02 8.2915989457e-02
9.5000000000e-02 3.0966431775e-02 9.0005369384e+01 5.9359541429e-01 6.4328736365e-02 8.6056485732e-02
9.6000000000e-02 3.1232555205e-02 9.0956869293e+01 6.0919453027e-01 6.5981752428e-02 8.9282765280e-02
9.7000000000e-02 3.1499237478e-02 9.1908467392e+01 6.2514866222e-01 6.7662503550e-02 9.2596297109e-02
9.8000000000e-02 3.1766491703e-02 9.2860164935e+01 6.4146209138e-01 6.9371270448e-02 9.5998694621e-02
9.9000000000e-02 3.2034328843e-02 9.3811963185e+01 6.5813893712e-01 7.1108330566e-02 9.9491420527e-02
1.0000000000e-01 3.2302757766e-02 9.4763863421e+01 6.7518317049e-01 7.2873957778e-02 1.0307594936e-01
1.0100000000e-01 3.2571785302e-02 9.5715866932e+01 6.9259860294e-01 7.4668422060e-02 1.0675392370e-01
1.0200000000e-01 3.2841416223e-02 9.6667975018e+01 7.1038890248e-01 7.6491988991e-02 1.1052691875e-01
1.0300000000e-01 3.3111653258e-02 9.7620188992e+01 7.2855758269e-01 7.8344919288e-02 1.1439636914e-01
1.0400000000e-01 3.3382497166e-02 9.8572510174e+01 7.4710801101e-01 8.0227468576e-02 1.1836407439e-01
1.0500000000e-01 3.3653946771e-02 9.9524939899e+01 7.6604341885e-01 8.2139886997e-02 1.2243143055e-01
1.0600000000e-01 3.3925998904e-02 1.0047747951e+02 7.8536689054e-01 8.4082418552e-02 1.2660020827e-01
1.0700000000e-01 3.4198648598e-02 1.0143013036e+02 8.0508137763e-01 8.6055301244e-02 1.3087202598e-01
1.0800000000e-01 3.4471888938e-02 1.0238289381e+02 8.2518970395e-01 8.8058766099e-02 1.3524846514e-01
1.0900000000e-01 3.4745711282e-02 1.0333577125e+02 8.4569456289e-01 9.0093037414e-02 1.3973134668e-01
1.1000000000e-01 3.5020105159e-02 1.0428876405e+02 8.6659852755e-01 9.2158331940e-02 1.4432203149e-01
1.1100000000e-01 3.5295058405e-02 1.0524187362e+02 8.8790405200e-01 9.4254858859e-02 1.4902259182e-01
1.1200000000e-01 3.5570557156e-02 1.0619510135e+02 9.0961347695e-01 9.6382819286e-02 1.5383448355e-01
1.1300000000e-01 3.5846585949e-02 1.0714844868e+02 9.3172903952e-01 9.8542406150e-02 1.5875959100e-01
1.1400000000e-01 3.6123127688e-02 1.0810191703e+02 9.5425287198e-01 1.0073380361e-01 1.6379943294e-01
1.1500000000e-01 3.6400163775e-02 1.0905550785e+02 9.7718700975e-01 1.0295718708e-01 1.6895611861e-01
1.1600000000e-01 3.6677674098e-02 1.1000922259e+02 1.0005333945e+00 1.0521272269e-01 1.7423109049e-01
1.1700000000e-01 3.6955637146e-02 1.1096306271e+02 1.0242938832e+00 1.0750056729e-01 1.7962630483e-01
1.1800000000e-01 3.7234029996e-02 1.1191702971e+02 1.0484702501e+00 1.0982086798e-01 1.8514366622e-01
1.1900000000e-01 3.7512828384e-02 1.1287112506e+02 1.0730641964e+00 1.1217376191e-01 1.9078485773e-01
1.2000000000e-01 3.7792006786e-02 1.1382535029e+02 1.0980773477e+00 1.1455937617e-01 1.9655162639e-01
1.2100000000e-01 3.8071538477e-02 1.1477970690e+02 1.1235112675e+00 1.1697782765e-01 2.0244580023e-01
1.2200000000e-01 3.8351395532e-02 1.1573419644e+02 1.1493674524e+00 1.1942922258e-01 2.0846971122e-01
1.2300000000e-01 3.8631548926e-02 1.1668882046e+02 1.1756473471e+00 1.2191365659e-01 2.1462489401e-01
1.2400000000e-01 3.8911968560e-02 1.1764358051e+02 1.2023523457e+00 1.2443121438e-01 2.2091310836e-01
1.2500000000e-01 3.9192623355e-02 1.1859847819e+02 1.2294837877e+00 1.2698196979e-01 2.2733662158e-01
1.2600000000e-01 3.9473481276e-02 1.1955351508e+02 1.2570429791e+00 1.2956598547e-01 2.3389718118e-01
1.2700000000e-01 3.9754509427e-02 1.2050869281e+02 1.2850311794e+00 1.3218331303e-01 2.4059671505e-01
1.2800000000e-01 4.0035674027e-02 1.2146401299e+02 1.3134496156e+00 1.3483399250e-01 2.4743745851e-01
1.2900000000e-01 4.0316940550e-02 1.2241947727e+02 1.3422994830e+00 1.3751805268e-01 2.5442110380e-01
1.3000000000e-01 4.0598273767e-02 1.2337508732e+02 1.3715819466e+00 1.4023551100e-01 2.6154978232e-01
1.3100000000e-01 4.0879637745e-02 1.2433084482e+02 1.4012981520e+00 1.4298637320e-01 2.6882562025e-01
1.3200000000e-01 4.1160995985e-02 1.2528675146e+02 1.4314492147e+00 1.4577063370e-01 2.7625053693e-01
1.3300000000e-01 4.1442311408e-02 1.2624280895e+02 1.4620362382e+00 1.4858827526e-01 2.8382674601e-01
1.3400000000e-01 4.1723546436e-02 1.2719901903e+02 1.4930603042e+00 1.5143926910e-01 2.9155585705e-01
1.3500000000e-01 4.2004663088e-02 1.2815538346e+02 1.5245224797e+00 1.5432357510e-01 2.9944100710e-01
1.3600000000e-01 4.2285622940e-02 1.2911190399e+02 1.5564238187e+00 1.5724114140e-01 3.0748321678e-01
1.3700000000e-01 4.2566387261e-02 1.3006858241e+02 1.5887653640e+00 1.6019190488e-01 3.1568518914e-01
1.3800000000e-01 4.2846917053e-02 1.3102542054e+02 1.6215481438e+00 1.6317579108e-01 3.2404899511e-01
1.3900000000e-01 4.3127173069e-02 1.3198242018e+02 1.6547731836e+00 1.6619271420e-01 3.3257676604e-01
1.4000000000e-01 4.3407115901e-02 1.3293958318e+02 1.6884414924e+00 1.6924257733e-01 3.4127100356e-01
1.4100000000e-01 4.3686705996e-02 1.3389691140e+02 1.7225540720e+00 1.7232527240e-01 3.5013346498e-01
1.4200000000e-01 4.3965903749e-02 1.3485440671e+02 1.7571119166e+00 1.7544068053e-01 3.5916679350e-01
1.4300000000e-01 4.4244669519e-02 1.3581207101e+02 1.7921160052e+00 1.7858867198e-01 3.6837286757e-01
1.4400000000e-01 4.4522963710e-02 1.3676990620e+02 1.8275673184e+00 1.8176910653e-01 3.7775423167e-01
1.4500000000e-01 4.4800746740e-02 1.3772791420e+02 1.8634668119e+00 1.8498183317e-01 3.8731344346e-01
1.4600000000e-01 4.5077979208e-02 1.3868609697e+02 1.8998154358e+00 1.8822669097e-01 3.9705199094e-01
1.4700000000e-01 4.5354621850e-02 1.3964445646e+02 1.9366141266e+00 1.9150350878e-01 4.0697311434e-01
1.4800000000e-01 4.5630635650e-02 1.4060299463e+02 1.9738638007e+00 1.9481210583e-01 4.1707868699e-01
1.4900000000e-01 4.5905981763e-02 1.4156171349e+02 2.0115653624e+00 1.9815229126e-01 4.2737120337e-01
1.5000000000e-01 4.6180621716e-02 1.4252061502e+02 2.0497196933e+00 2.0152386525e-01 4.3785345176e-01
1.5100000000e-01 4.6454517340e-02 1.4347970124e+02 2.0883276482e+00 2.0492661866e-01 4.4852706736e-01
1.5200000000e-01 4.6727630879e-02 1.4443897418e+02 2.1273900631e+00 2.0836033370e-01 4.5939496443e-01
1.5300000000e-01 4.6999924943e-02 1.4539843588e+02 2.1669077369e+00 2.1182478363e-01 4.7045959245e-01
1.5400000000e-01 4.7271362639e-02 1.4635808838e+02 2.2068814494e+00 2.1531973372e-01 4.8172367835e-01
1.5500000000e-01 4.7541907560e-02 1.4731793375e+02 2.2473119271e+00 2.1884494114e-01 4.9318930104e-01
1.5600000000e-01 4.7811523828e-02 1.4827797405e+02 2.2881998745e+00 2.2240015535e-01 5.0485886796e-01
1.5700000000e-01 4.8080176124e-02 1.4923821136e+02 2.3295459388e+00 2.2598511841e-01 5.1673574683e-01
1.5800000000e-01 4.8347829722e-02 1.5019864776e+02 2.3713507286e+00 2.2959956528e-01 5.2882139923e-01
1.5900000000e-01 4.8614450549e-02 1.5115928535e+02 2.4136147993e+00 2.3324322432e-01 5.4111977424e-01
1.6000000000e-01 4.8880005193e-02 1.5212012621e+02 2.4563386444e+00 2.3691581753e-01 5.5363235093e-01
1.6100000000e-01 4.9144460899e-02 1.5308117244e+02 2.4995227009e+00 2.4061706063e-01 5.6636232849e-01
1.6200000000e-01 4.9407785668e-02 1.5404242615e+02 2.5431673411e+00 2.4434666387e-01 5.7931212328e-01
1.6300000000e-01 4.9669948249e-02 1.5500388943e+02 2.5872728644e+00 2.4810433223e-01 5.9248437827e-01
1.6400000000e-01 4.9930918153e-02 1.5596556438e+02 2.6318394882e+00 2.5188976562e-01 6.0588205632e-01
1.6500000000e-01 5.0190665670e-02 1.5692745311e+02 2.6768673606e+00 2.5570265926e-01 6.1950835209e-01
1.6600000000e-01 5.0449161966e-02 1.5788955771e+02 2.7223565370e+00 2.5954270453e-01 6.3336490132e-01
1.6700000000e-01 5.0706378976e-02 1.5885188027e+02 2.7683069781e+00 2.6340958846e-01 6.4745460601e-01
1.6800000000e-01 5.0962289620e-02 1.5981442288e+02 2.8147185506e+00 2.6730299549e-01 6.6178148186e-01
1.6900000000e-01 5.1216867569e-02 1.6077718761e+02 2.8615910172e+00 2.7122260606e-01 6.7634731963e-01
1.7000000000e-01 5.1470087468e-02 1.6174017654e+02 2.9089240339e+00 2.7516809847e-01 6.9115535076e-01
1.7100000000e-01 5.1721924904e-02 1.6270339173e+02 2.9567171402e+00 2.7913914889e-01 7.0620841385e-01
1.7200000000e-01 5.1972356354e-02 1.6366683521e+02 3.0049697551e+00 2.8313543130e-01 7.2150887662e-01
1.7300000000e-01 5.2221359284e-02 1.6463050903e+02 3.0536811751e+00 2.8715661846e-01 7.3706015194e-01
1.7400000000e-01 5.2468912099e-02 1.6559441520e+02 3.1028505658e+00 2.9120238187e-01 7.5286562984e-01
1.7500000000e-01 5.2714994202e-02 1.6655855573e+02 3.1524769454e+00 2.9527239251e-01 7.6892729979e-01
1.7600000000e-01 5.2959585983e-02 1.6752293259e+02 3.2025592043e+00 2.9936632106e-01 7.8524905656e-01
1.7700000000e-01 5.3202668832e-02 1.6848754776e+02 3.2530960756e+00 3.0348383829e-01 8.0183309370e-01
1.7800000000e-01 5.3444225166e-02 1.6945240315e+02 3.3040861385e+00 3.0762461565e-01 8.1868288193e-01
1.7900000000e-01 5.3684238377e-02 1.7041750071e+02 3.3555278164e+00 3.1178832519e-01 8.3580153077e-01
1.8000000000e-01 5.3922692934e-02 1.7138284231e+02 3.4074193608e+00 3.1597464063e-01 8.5319167260e-01
1.8100000000e-01 5.4159574306e-02 1.7234842982e+02 3.4597588594e+00 3.2018323718e-01 8.7085707573e-01
1.8200000000e-01 5.4394868970e-02 1.7331426507e+02 3.5125442201e+00 3.2441379187e-01 8.8880069467e-01
1.8300000000e-01 5.4628564534e-02 1.7428034987e+02 3.5657731721e+00 3.2866598499e-01 9.0702526698e-01
1.8400000000e-01 5.4860649525e-02 1.7524668599e+02 3.6194432496e+00 3.3293949863e-01 9.2553452078e-01
1.8500000000e-01 5.5091113626e-02 1.7621327516e+02 3.6735518029e+00 3.3723401904e-01 9.4433102482e-01
1.8600000000e-01 5.5319947478e-02 1.7718011910e+02 3.7280959846e+00 3.4154923535e-01 9.6341906058e-01
1.8700000000e-01 5.5547142783e-02 1.7814721945e+02 3.7830727424e+00 3.4588484076e-01 9.8280144573e-01
1.8800000000e-01 5.5772692340e-02 1.7911457785e+02 3.8384788164e+00 3.5024053325e-01 1.0024803974e+00
1.8900000000e-01 5.5996589909e-02 1.8008219589e+02 3.8943107340e+00 3.5461601479e-01 1.0224597746e+00
1.9000000000e-01 5.6218830298e-02 1.8105007509e+02 3.9505648188e+00 3.5901099247e-01 1.0427445563e+00
1.9100000000e-01 5.6439409363e-02 1.8201821696e+02 4.0072371536e+00 3.6342517882e-01 1.0633354639e+00
1.9200000000e-01 5.6658324013e-02 1.8298662295e+02 4.0643236118e+00 3.6785829227e-01 1.0842383778e+00
1.9300000000e-01 5.6875572087e-02 1.8395529446e+02 4.1218198286e+00 3.7231005647e-01 1.1054544918e+00
1.9400000000e-01 5.7091152533e-02 1.8492423284e+02 4.1797212132e+00 3.7678020219e-01 1.1269886418e+00
1.9500000000e-01 5.7305065184e-02 1.8589343940e+02 4.2380229361e+00 3.8126846575e-01 1.1488442610e+00
1.9600000000e-01 5.7517310982e-02 1.8686291538e+02 4.2967199196e+00 3.8577459133e-01 1.1710239852e+00
1.9700000000e-01 5.7727891789e-02 1.8783266198e+02 4.3558068514e+00 3.9029832976e-01 1.1935320351e+00
1.9800000000e-01 5.7936810417e-02 1.8880268034e+02 4.4152781732e+00 3.9483943903e-01 1.2163719131e+00
1.9900000000e-01 5.8144070661e-02 1.8977297154e+02 4.4751280619e+00 3.9939768505e-01 1.2395465143e+00
2.0000000000e-01 5.8349677276e-02 1.9074353661e+02 4.5353504568e+00 4.0397284174e-01 1.2630595527e+00
2.0100000000e-01 5.8553635961e-02 1.9171437650e+02 4.5959390325e+00 4.0856469130e-01 1.2869168434e+00
2.0200000000e-01 5.8755953240e-02 1.9268549213e+02 4.6568872041e+00 4.1317302345e-01 1.3111183325e+00
2.0300000000e-01 5.8956636646e-02 1.9365688432e+02 4.7181881332e+00 4.1779763745e-01 1.3356704382e+00
2.0400000000e-01 5.9155694614e-02 1.9462855387e+02 4.7798347071e+00 4.2243834153e-01 1.3605756789e+00
2.0500000000e-01 5.9353136332e-02 1.9560050147e+02 4.8418195563e+00 4.2709495179e-01 1.3858385223e+00
2.0600000000e-01 5.9548971920e-02 1.9657272777e+02 4.9041350362e+00 4.3176729422e-01 1.4114610363e+00
2.0700000000e-01 5.9743212372e-02 1.9754523334e+02 4.9667732376e+00 4.3645520449e-01 1.4374497350e+00
2.0800000000e-01 5.9935869409e-02 1.9851801869e+02 5.0297259841e+00 4.4115852692e-01 1.4638067849e+00
2.0900000000e-01 6.0126955668e-02 1.9949108426e+02 5.0929848154e+00 4.4587711660e-01 1.4905349805e+00
2.1000000000e-01 6.0316484447e-02 2.0046443041e+02 5.1565410130e+00 4.5061083717e-01 1.5176404854e+00
2.1100000000e-01 6.0504469892e-02 2.0143805743e+02 5.2203855719e+00 4.5535956306e-01 1.5451250990e+00
2.1200000000e-01 6.0690926875e-02 2.0241196555e+02 5.2845092214e+00 4.6012317856e-01 1.5729950898e+00
2.1300000000e-01 6.0875871037e-02 2.0338615490e+02 5.3489024075e+00 4.6490157852e-01 1.6012519605e+00
2.1400000000e-01 6.1059318644e-02 2.0436062555e+02 5.4135553054e+00 4.6969466727e-01 1.6299016120e+00
2.1500000000e-01 6.1241286644e-02 2.0533537751e+02 5.4784578189e+00 4.7450235938e-01 1.6589466618e+00
2.1600000000e-01 6.1421792727e-02 2.0631041068e+02 5.5435995615e+00 4.7932458067e-01 1.6883913845e+00
2.1700000000e-01 6.1600855146e-02 2.0728572492e+02 5.6089698867e+00 4.8416126655e-01 1.7182406963e+00
2.1800000000e-01 6.1778492837e-02 2.0826131996e+02 5.6745578670e+00 4.8901236359e-01 1.7484977924e+00
2.1900000000e-01 6.1954725266e-02 2.0923719551e+02 5.7403522959e+00 4.9387782816e-01 1.7791670587e+00
2.2000000000e-01 6.2129572523e-02 2.1021335116e+02 5.8063416989e+00 4.9875762768e-01 1.8102540770e+00
2.2100000000e-01 6.2303055204e-02 2.1118978644e+02 5.8725143254e+00 5.0365173960e-01 1.8417594642e+00
2.2200000000e-01 6.2475194476e-02 2.1216650077e+02 5.9388581518e+00 5.0856015237e-01 1.8736906392e+00
2.2300000000e-01 6.2646011980e-02 2.1314349354e+02 6.0053608923e+00 5.1348286456e-01 1.9060507664e+00
2.2400000000e-01 6.2815529842e-02 2.1412076402e+02 6.0720099777e+00 5.1841988527e-01 1.9388451564e+00
2.2500000000e-01 6.2983770660e-02 2.1509831140e+02 6.1387925814e+00 5.2337123417e-01 1.9720761194e+00
2.2600000000e-01 6.3150757446e-02 2.1607613481e+02 6.2056956104e+00 5.2833694106e-01 2.0057488268e+00
2.2700000000e-01 6.3316513615e-02 2.1705423327e+02 6.2727057013e+00 5.3331704595e-01 2.0398691783e+00
2.2800000000e-01 6.3481062989e-02 2.1803260573e+02 6.3398092338e+00 5.3831159932e-01 2.0744373637e+00
2.2900000000e-01 6.3644429746e-02 2.1901125107e+02 6.4069923295e+00 5.4332066169e-01 2.1094638346e+00
2.3000000000e-01 6.3806638392e-02 2.1999016808e+02 6.4742408456e+00 5.4834430349e-01 2.1449483209e+00
2.3100000000e-01 6.3967713758e-02 2.2096935544e+02 6.5415403925e+00 5.5338260519e-01 2.1808985174e+00
2.3200000000e-01 6.4127680956e-02 2.2194881180e+02 6.6088763184e+00 5.5843565696e-01 2.2173144826e+00
2.3300000000e-01 6.4286565362e-02 2.2292853567e+02 6.6762337309e+00 5.6350355861e-01 2.2542054497e+00
2.3400000000e-01 6.4444392617e-02 2.2390852552e+02 6.7435974888e+00 5.6858641971e-01 2.2915742865e+00
2.3500000000e-01 6.4601188548e-02 2.2488877972e+02 6.8109522090e+00 5.7368435888e-01 2.3294238659e+00
2.3600000000e-01 6.4756979214e-02 2.2586929656e+02 6.8782822527e+00 5.7879750434e-01 2.3677628238e+00
2.3700000000e-01 6.4911790838e-02 2.2685007424e+02 6.9455717707e+00 5.8392599330e-01 2.4065923749e+00
2.3800000000e-01 6.5065649734e-02 2.2783111090e+02 7.0128046571e+00 5.8906997114e-01 2.4459185388e+00
2.3900000000e-01 6.5218582484e-02 2.2881240456e+02 7.0799645909e+00 5.9422959368e-01 2.4857451054e+00
2.4000000000e-01 6.5370615608e-02 2.2979395320e+02 7.1470350143e+00 5.9940502326e-01 2.5260781164e+00
2.4100000000e-01 6.5521775827e-02 2.3077575471e+02 7.2139991526e+00 6.0459643194e-01 2.5669214610e+00
2.4200000000e-01 6.5672089921e-02 2.3175780687e+02 7.2808400072e+00 6.0980399997e-01 2.6082809621e+00
2.4300000000e-01 6.5821584647e-02 2.3274010741e+02 7.3475403701e+00 6.1502791476e-01 2.6501610093e+00
2.4400000000e-01 6.5970286793e-02 2.3372265397e+02 7.4140828224e+00 6.2026837158e-01 2.6925661616e+00
2.4500000000e-01 6.6118223215e-02 2.3470544411e+02 7.4804497335e+00 6.2552557411e-01 2.7355028360e+00
2.4600000000e-01 6.6265420673e-02 2.3568847532e+02 7.5466232753e+00 6.3079973240e-01 2.7789739231e+00
2.4700000000e-01 6.6411905919e-02 2.3667174500e+02 7.6125854189e+00 6.3609106406e-01 2.8229844115e+00
2.4800000000e-01 6.6557705634e-02 2.3765525048e+02 7.6783179420e+00 6.4139979337e-01 2.8675426810e+00
2.4900000000e-01 6.6702846454e-02 2.3863898900e+02 7.7438024388e+00 6.4672615173e-01 2.9126501999e+00
2.5000000000e-01 6.6847354873e-02 2.3962295774e+02 7.8090203128e+00 6.5207037638e-01 2.9583153702e+00
2.5100000000e-01 6.6991257286e-02 2.4060715381e+02 7.8739527908e+00 6.5743271096e-01 3.0045382240e+00
2.5200000000e-01 6.7134579946e-02 2.4159157423e+02 7.9385809205e+00 6.6281340493e-01 3.0513294419e+00
2.5300000000e-01 6.7277348971e-02 2.4257621594e+02 8.0028855927e+00 6.6821271365e-01 3.0986918147e+00
2.5400000000e-01 6.7419590318e-02 2.4356107582e+02 8.0668475175e+00 6.7363089802e-01 3.1466323370e+00
2.5500000000e-01 6.7561329696e-02 2.4454615069e+02 8.1304472574e+00 6.7906822330e-01 3.1951547848e+00
2.5600000000e-01 6.7702592727e-02 2.4553143726e+02 8.1936652128e+00 6.8452496120e-01 3.2442621333e+00
2.5700000000e-01 6.7843404703e-02 2.4651693221e+02 8.2564816356e+00 6.9000138663e-01 3.2939630213e+00
2.5800000000e-01 6.7983790774e-02 2.4750263213e+02 8.3188766399e+00 6.9549778011e-01 3.3442648088e+00
2.5900000000e-01 6.8123775756e-02 2.4848853353e+02 8.3808301941e+00 7.0101442519e-01 3.3951683961e+00
2.6000000000e-01 6.8263384322e-02 2.4947463289e+02 8.4423221359e+00 7.0655161090e-01 3.4466811601e+00
2.6100000000e-01 6.8402640747e-02 2.5046092657e+02 8.5033321753e+00 7.1210962829e-01 3.4988095184e+00
2.6200000000e-01 6.8541569136e-02 2.5144741092e+02 8.5638398964e+00 7.1768877343e-01 3.5515586033e+00
2.6300000000e-01 6.8680193245e-02 2.5243408217e+02 8.6238247720e+00 7.2328934488e-01 3.6049359859e+00
2.6400000000e-01 6.8818536484e-02 2.5342093653e+02 8.6832661619e+00 7.2891164365e-01 3.6589434148e+00
2.6500000000e-01 6.8956622041e-02 2.5440797012e+02 8.7421433176e+00 7.3455597478e-01 3.7135881545e+00
2.6600000000e-01 6.9094472694e-02 2.5539517901e+02 8.8004353892e+00 7.4022264475e-01 3.7688771563e+00
2.6700000000e-01 6.9232110878e-02 2.5638255920e+02 8.8581214395e+00 7.4591196214e-01 3.8248134892e+00
2.6800000000e-01 6.9369558762e-02 2.5737010664e+02 8.9151804377e+00 7.5162423879e-01 3.8814096382e+00
2.6900000000e-01 6.9506838103e-02 2.5835781721e+02 8.9715912710e+00 7.5735978748e-01 3.9386615516e+00
2.7000000000e-01 6.9643970248e-02 2.5934568673e+02 9.0273327514e+00 7.6311892196e-01 3.9965846552e+00
2.7100000000e-01 6.9780976266e-02 2.6033371099e+02 9.0823836184e+00 7.6890195860e-01 4.0551799428e+00
2.7200000000e-01 6.9917876791e-02 2.6132188567e+02 9.1367225457e+00 7.7470921413e-01 4.1144524724e+00
2.7300000000e-01 7.0054692068e-02 2.6231020646e+02 9.1903281543e+00 7.8054100611e-01 4.1744125079e+00
2.7400000000e-01 7.0191441959e-02 2.6329866893e+02 9.2431790007e+00 7.8639765292e-01 4.2350615525e+00
2.7500000000e-01 7.0328145934e-02 2.6428726865e+02 9.2952536095e+00 7.9227947348e-01 4.2964102141e+00
2.7600000000e-01 7.0464823037e-02 2.6527600112e+02 9.3465304542e+00 7.9818678661e-01 4.3584635868e+00
2.7700000000e-01 7.0601491939e-02 2.6626486177e+02 9.3969879708e+00 8.0411991170e-01 4.4212272603e+00
2.7800000000e-01 7.0738170847e-02 2.6725384600e+02 9.4466045791e+00 8.1007916720e-01 4.4847040686e+00
2.7900000000e-01 7.0874877587e-02 2.6824294916e+02 9.4953586712e+00 8.1606487172e-01 4.5489085592e+00
2.8000000000e-01 7.1011629574e-02 2.6923216654e+02 9.5432286116e+00 8.2207734347e-01 4.6138378924e+00
2.8100000000e-01 7.1148443763e-02 2.7022149340e+02 9.5901927748e+00 8.2811689932e-01 4.6795053337e+00
2.8200000000e-01 7.1285336710e-02 2.7121092493e+02 9.6362295163e+00 8.3418385562e-01 4.7459145632e+00
2.8300000000e-01 7.1422324527e-02 2.7220045631e+02 9.6813171957e+00 8.4027852729e-01 4.8130686173e+00
2.8400000000e-01 7.1559422947e-02 2.7319008265e+02 9.7254341937e+00 8.4640122884e-01 4.8809845313e+00
2.8500000000e-01 7.1696647140e-02 2.7417979900e+02 9.7685588927e+00 8.5255227111e-01 4.9496585255e+00
2.8600000000e-01 7.1834012011e-02 2.7516960042e+02 9.8106697001e+00 8.5873196601e-01 5.0191052127e+00
2.8700000000e-01 7.1971531925e-02 2.7615948189e+02 9.8517450486e+00 8.6494062189e-01 5.0893242444e+00
2.8800000000e-01 7.2109220862e-02 2.7714943837e+02 9.8917634067e+00 8.7117854589e-01 5.1603234157e+00
2.8900000000e-01 7.2247092356e-02 2.7813946476e+02 9.9307032874e+00 8.7744604285e-01 5.2321157376e+00
2.9000000000e-01 7.2385159474e-02 2.7912955593e+02 9.9685432421e+00 8.8374341469e-01 5.3047041397e+00
2.9100000000e-01 7.2523434923e-02 2.8011970673e+02 1.0005261882e+01 8.9007096213e-01 5.3780951392e+00
2.9200000000e-01 7.2661930945e-02 2.8110991196e+02 1.0040837864e+01 8.9642898272e-01 5.4522929823e+00
2.9300000000e-01 7.2800659349e-02 2.8210016639e+02 1.0075249928e+01 9.0281777125e-01 5.5273168975e+00
2.9400000000e-01 7.2939631526e-02 2.8309046474e+02 1.0108476868e+01 9.0923761982e-01 5.6031551953e+00
2.9500000000e-01 7.3078858460e-02 2.8408080173e+02 1.0140497571e+01 9.1568881785e-01 5.6798280959e+00
2.9600000000e-01 7.3218350694e-02 2.8507117203e+02 1.0171290993e+01 9.2217165139e-01 5.7573476887e+00
2.9700000000e-01 7.3358118350e-02 2.8606157028e+02 1.0200836188e+01 9.2868640326e-01 5.8356993772e+00
2.9800000000e-01 7.3498171182e-02 2.8705199109e+02 1.0229112307e+01 9.3523335381e-01 5.9149164242e+00
2.9900000000e-01 7.3638518479e-02 2.8804242903e+02 1.0256098600e+01 9.4181277910e-01 5.9949901077e+00
3.0000000000e-01 7.3779169124e-02 2.8903287867e+02 1.0281774420e+01 9.4842495173e-01 6.0759302673e+00
3.0100000000e-01 7.3920131666e-02 2.9002333455e+02 1.0306119247e+01 9.5507014193e-01 6.1577474006e+00
3.0200000000e-01 7.4061414164e-02 2.9101379115e+02 1.0329112674e+01 9.6174861476e-01 6.2404461533e+00
3.0300000000e-01 7.4203024356e-02 2.9200424297e+02 1.0350734415e+01 9.6846063277e-01 6.3240399651e+00
3.0400000000e-01 7.4344969538e-02 2.9299468446e+02 1.0370964331e+01 9.7520645386e-01 6.4085308920e+00
3.0500000000e-01 7.4487256656e-02 2.9398511006e+02 1.0389782407e+01 9.8198633262e-01 6.4939284820e+00
3.0600000000e-01 7.4629892266e-02 2.9497551418e+02 1.0407168778e+01 9.8880051959e-01 6.5802383850e+00
3.0700000000e-01 7.4772882517e-02 2.9596589121e+02 1.0423103732e+01 9.9564926070e-01 6.6674747154e+00
3.0800000000e-01 7.4916233227e-02 2.9695623553e+02 1.0437567718e+01 1.0025327985e+00 6.7556317525e+00
3.0900000000e-01 7.5059949855e-02 2.9794654150e+02 1.0450541330e+01 1.0094513715e+00 6.8447281772e+00
3.1000000000e-01 7.5204037470e-02 2.9893680345e+02 1.0462005345e+01 1.0164052135e+00 6.9347816955e+00
3.1100000000e-01 7.5348500784e-02 2.9992701571e+02 1.0471940708e+01 1.0233945541e+00 7.0257820568e+00
3.1200000000e-01 7.5493344169e-02 3.0091717259e+02 1.0480328548e+01 1.0304196187e+00 7.1177391795e+00
3.1300000000e-01 7.5638571680e-02 3.0190726838e+02 1.0487150178e+01 1.0374806287e+00 7.2106769604e+00
3.1400000000e-01 7.5784186983e-02 3.0289729736e+02 1.0492387093e+01 1.0445778005e+00 7.3045871254e+00
3.1500000000e-01 7.5930193466e-02 3.0388725379e+02 1.0496020992e+01 1.0517113468e+00 7.3994880552e+00
3.1600000000e-01 7.6076594139e-02 3.0487713194e+02 1.0498033786e+01 1.0588814750e+00 7.4953822143e+00
3.1700000000e-01 7.6223391729e-02 3.0586692605e+02 1.0498407565e+01 1.0660883888e+00 7.5922733762e+00
3.1800000000e-01 7.6370588638e-02 3.0685663037e+02 1.0497124663e+01 1.0733322871e+00 7.6901809069e+00
3.1900000000e-01 7.6518186949e-02 3.0784623911e+02 1.0494167615e+01 1.0806133639e+00 7.7891144308e+00
3.2000000000e-01 7.6666188460e-02 3.0883574649e+02 1.0489519172e+01 1.0879318094e+00 7.8890725437e+00
