# n, x, eps, P, P_e, P_std
0.0000000000e+00 1.0792056518e-01 0.0000000000e+00 nan 0.0000000000e+00 nan
1.0000000000e-03 5.0243386479e-04 9.4032791489e-01 4.5051187395e-04 6.0309869085e-07 1.4800581778e-07
2.0000000000e-03 1.0567733064e-03 1.8814111975e+00 1.3262457839e-03 4.1222208718e-06 1.1941844130e-06
3.0000000000e-03 1.6536275854e-03 2.8230027427e+00 2.4833197770e-03 1.2881798779e-05 4.0584574191e-06
4.0000000000e-03 2.2664945740e-03 3.7650047340e+00 3.8685653673e-03 2.8804359761e-05 9.6786166900e-06
5.0000000000e-03 2.8816240691e-03 4.7073582414e+00 5.4506667676e-03 5.3443988515e-05 1.9007676506e-05
6.0000000000e-03 3.4911662278e-03 5.6500224505e+00 7.2079304619e-03 8.8043480689e-05 3.3012502643e-05
7.0000000000e-03 4.0904840055e-03 6.5929668712e+00 9.1239314553e-03 1.3358977946e-04 5.2672913082e-05
8.0000000000e-03 4.6768495417e-03 7.5361676010e+00 1.1185528058e-02 1.9086231425e-04 7.8981066016e-05
9.0000000000e-03 5.2487313603e-03 8.4796052577e+00 1.3381816083e-02 2.6047362121e-04 1.1294120152e-04
1.0000000000e-02 5.8053729590e-03 9.4232637235e+00 1.5703521736e-02 3.4290292958e-04 1.5556907292e-04
1.1000000000e-02 6.3465299036e-03 1.0367129328e+01 1.8142623720e-02 4.3852372344e-04 2.0789176126e-04
1.2000000000e-02 6.8722990820e-03 1.1311190289e+01 2.0692104679e-02 5.4762625292e-04 2.7094803957e-04
1.3000000000e-02 7.3830047530e-03 1.2255436316e+01 2.3345780652e-02 6.7043589381e-04 3.4578682921e-04
1.4000000000e-02 7.8791206269e-03 1.3199858319e+01 2.6098179963e-02 8.0712807393e-04 4.3346845470e-04
1.5000000000e-02 8.3612159339e-03 1.4144448192e+01 2.8944453613e-02 9.5784041168e-04 5.3506420513e-04
1.6000000000e-02 8.8299175779e-03 1.5089198643e+01 3.1880308124e-02 1.1226825596e-03 6.5165558388e-04
1.7000000000e-02 9.2858833812e-03 1.6034103066e+01 3.4901952790e-02 1.3017441650e-03 7.8433445313e-04
1.8000000000e-02 9.7297833287e-03 1.6979155439e+01 3.8006058218e-02 1.4951013295e-03 9.3420326398e-04
1.9000000000e-02 1.0162286111e-02 1.7924350240e+01 4.1189721712e-02 1.7028217697e-03 1.1023745975e-03
2.0000000000e-02 1.0584049875e-02 1.8869682380e+01 4.4450439095e-02 1.9249689876e-03 1.2899726309e-03
2.1000000000e-02 1.0995715795e-02 1.9815147151e+01 4.7786079947e-02 2.1616055906e-03 1.4981287473e-03
2.2000000000e-02 1.1397903745e-02 2.0760740181e+01 5.1194866221e-02 2.4127959191e-03 1.7279873581e-03
2.3000000000e-02 1.1791209464e-02 2.1706457396e+01 5.4675353532e-02 2.6786080965e-03 1.9807010530e-03
2.4000000000e-02 1.2176202953e-02 2.2652294988e+01 5.8226413797e-02 2.9591156427e-03 2.2574334630e-03
2.5000000000e-02 1.2553427620e-02 2.3598249394e+01 6.1847219627e-02 3.2543986909e-03 2.5593567213e-03
2.6000000000e-02 1.2923400026e-02 2.4544317266e+01 6.5537229546e-02 3.5645448893e-03 2.8876542886e-03
2.7000000000e-02 1.3286610088e-02 2.5490495460e+01 6.9296174947e-02 3.8896500590e-03 3.2435179706e-03
2.8000000000e-02 1.3643521577e-02 2.6436781013e+01 7.3124046275e-02 4.2298186358e-03 3.6281520351e-03
2.9000000000e-02 1.3994572851e-02 2.7383171135e+01 7.7021081776e-02 4.5851639557e-03 4.0427633551e-03
3.0000000000e-02 1.4340177640e-02 2.8329663193e+01 8.0987755316e-02 4.9558083572e-03 4.4885789515e-03
3.1000000000e-02 1.4680726120e-02 2.9276254702e+01 8.5024765904e-02 5.3418832567e-03 4.9668260084e-03
3.2000000000e-02 1.5016585782e-02 3.0222943312e+01 8.9133025351e-02 5.7435290196e-03 5.4787480322e-03
3.3000000000e-02 1.5348102571e-02 3.1169726809e+01 9.3313650317e-02 6.1608948649e-03 6.0255941990e-03
3.4000000000e-02 1.5675601858e-02 3.2116603097e+01 9.7567951168e-02 6.5941386367e-03 6.6086225871e-03
3.5000000000e-02 1.5999389489e-02 3.3063570196e+01 1.0189742133e-01 7.0434265639e-03 7.2291050225e-03
3.6000000000e-02 1.6319752769e-02 3.4010626239e+01 1.0630373124e-01 7.5089329655e-03 7.8883180698e-03
3.7000000000e-02 1.6636961465e-02 3.4957769460e+01 1.1078871591e-01 7.9908399524e-03 8.5875525667e-03
3.8000000000e-02 1.6951268658e-02 3.5904998197e+01 1.1535436907e-01 8.4893370364e-03 9.3281029065e-03
3.9000000000e-02 1.7262911783e-02 3.6852310881e+01 1.2000283373e-01 9.0046208661e-03 1.0111278500e-02
4.0000000000e-02 1.7572113325e-02 3.7799706037e+01 1.2473639412e-01 9.5368947537e-03 1.0938396838e-02
4.1000000000e-02 1.7879081753e-02 3.8747182277e+01 1.2955746932e-01 1.0086368375e-02 1.1810783292e-02
4.2000000000e-02 1.8184012220e-02 3.9694738296e+01 1.3446860412e-01 1.0653257337e-02 1.2729766249e-02
4.3000000000e-02 1.8487087355e-02 4.0642372873e+01 1.3947246379e-01 1.1237782834e-02 1.3696710227e-02
4.4000000000e-02 1.8788477888e-02 4.1590084865e+01 1.4457182635e-01 1.1840171206e-02 1.4712955992e-02
4.5000000000e-02 1.9088343336e-02 4.2537873206e+01 1.4976957581e-01 1.2460653572e-02 1.5779861640e-02
4.6000000000e-02 1.9386832663e-02 4.3485736903e+01 1.5506869714e-01 1.3099465482e-02 1.6898822180e-02
4.7000000000e-02 1.9684084776e-02 4.4433675034e+01 1.6047226903e-01 1.3756846461e-02 1.8071195973e-02
4.8000000000e-02 1.9980229121e-02 4.5381686747e+01 1.6598345957e-01 1.4433039658e-02 1.9298400970e-02
4.9000000000e-02 2.0275386221e-02 4.6329771255e+01 1.7160551951e-01 1.5128291496e-02 2.0581823319e-02
5.0000000000e-02 2.0569668070e-02 4.7277927842e+01 1.7734177811e-01 1.5842851209e-02 2.1922886342e-02
5.1000000000e-02 2.0863178728e-02 4.8226155850e+01 1.8319563817e-01 1.6576970601e-02 2.3323003271e-02
5.2000000000e-02 2.1156014635e-02 4.9174454684e+01 1.8917057028e-01 1.7330903571e-02 2.4783619383e-02
5.3000000000e-02 2.1448265059e-02 5.0122823811e+01 1.9527011007e-01 1.8104905792e-02 2.6306173889e-02
5.4000000000e-02 2.1740012435e-02 5.1071262758e+01 2.0149785232e-01 1.8899234309e-02 2.7892096236e-02
5.5000000000e-02 2.2031332836e-02 5.2019771108e+01 2.0785744813e-01 1.9714147311e-02 2.9542892011e-02
5.6000000000e-02 2.2322296160e-02 5.2968348499e+01 2.1435260116e-01 2.0549903623e-02 3.1260007871e-02
5.7000000000e-02 2.2612966622e-02 5.3916994628e+01 2.2098706267e-01 2.1406762555e-02 3.3044921074e-02
5.8000000000e-02 2.2903402814e-02 5.4865709241e+01 2.2776463036e-01 2.2284983293e-02 3.4899141188e-02
5.9000000000e-02 2.3193658255e-02 5.5814492142e+01 2.3468914330e-01 2.3184824886e-02 3.6824171622e-02
6.0000000000e-02 2.3483781457e-02 5.6763343184e+01 2.4176447896e-01 2.4106545676e-02 3.8821510927e-02
6.1000000000e-02 2.3773816293e-02 5.7712262272e+01 2.4899455318e-01 2.5050403123e-02 4.0892733127e-02
6.2000000000e-02 2.4063802173e-02 5.8661249361e+01 2.5638331317e-01 2.6016653420e-02 4.3039294608e-02
6.3000000000e-02 2.4353774293e-02 5.9610304456e+01 2.6393473872e-01 2.7005551206e-02 4.5262803950e-02
6.4000000000e-02 2.4643763808e-02 6.0559427610e+01 2.7165283761e-01 2.8017349215e-02 4.7564797740e-02
6.5000000000e-02 2.4933798135e-02 6.1508618925e+01 2.7954164479e-01 2.9052298119e-02 4.9946830296e-02
6.6000000000e-02 2.5223901007e-02 6.2457878547e+01 2.8760521963e-01 3.0110646041e-02 5.2410519839e-02
6.7000000000e-02 2.5514092755e-02 6.3407206673e+01 2.9584764528e-01 3.1192638415e-02 5.4957389722e-02
6.8000000000e-02 2.5804390463e-02 6.4356603544e+01 3.0427302393e-01 3.2298517696e-02 5.7589113782e-02
6.9000000000e-02 2.6094808018e-02 6.5306069446e+01 3.1288547888e-01 3.3428522878e-02 6.0307284374e-02
7.0000000000e-02 2.6385356476e-02 6.6255604711e+01 3.2168915151e-01 3.4582889591e-02 6.3113499412e-02
7.1000000000e-02 2.6676044011e-02 6.7205209715e+01 3.3068819824e-01 3.5761849501e-02 6.6009409143e-02
7.2000000000e-02 2.6966876126e-02 6.8154884878e+01 3.3988679295e-01 3.6965630166e-02 6.8996617674e-02
7.3000000000e-02 2.7257855839e-02 6.9104630662e+01 3.4928912111e-01 3.8194454889e-02 7.2076896068e-02
7.4000000000e-02 2.7548983706e-02 7.0054447578e+01 3.5889938444e-01 3.9448542268e-02 7.5251850889e-02
7.5000000000e-02 2.7840258033e-02 7.1004336174e+01 3.6872179278e-01 4.0728106140e-02 7.8523132307e-02
7.6000000000e-02 2.8131674905e-02 7.1954297043e+01 3.7876057142e-01 4.2033355168e-02 8.1892454770e-02
7.7000000000e-02 2.8423228348e-02 7.2904330819e+01 3.8901995290e-01 4.3364492712e-02 8.5361540304e-02
7.8000000000e-02 2.8714910438e-02 7.3854438181e+01 3.9950418162e-01 4.4721716623e-02 8.8932124633e-02
7.9000000000e-02 2.9006711370e-02 7.4804619848e+01 4.1021750883e-01 4.6105218949e-02 9.2605889901e-02
8.0000000000e-02 2.9298619602e-02 7.5754876578e+01 4.2116419637e-01 4.7515185827e-02 9.6384639596e-02
8.1000000000e-02 2.9590621805e-02 7.6705209175e+01 4.3234851289e-01 4.8951796977e-02 1.0027007177e-01
8.2000000000e-02 2.9882703203e-02 7.7655618482e+01 4.4377473306e-01 5.0415226036e-02 1.0426401455e-01
8.3000000000e-02 3.0174847341e-02 7.8606105382e+01 4.5544714203e-01 5.1905639680e-02 1.0836816148e-01
8.4000000000e-02 3.0467036482e-02 7.9556670801e+01 4.6737002820e-01 5.3423198130e-02 1.1258443548e-01
8.5000000000e-02 3.0759251405e-02 8.0507315702e+01 4.7954768805e-01 5.4968054341e-02 1.1691456004e-01
8.6000000000e-02 3.1051471678e-02 8.1458041092e+01 4.9198442275e-01 5.6540354272e-02 1.2136032406e-01
8.7000000000e-02 3.1343675621e-02 8.2408848019e+01 5.0468453934e-01 5.8140236480e-02 1.2592364008e-01
8.8000000000e-02 3.1635840405e-02 8.3359737564e+01 5.1765235222e-01 5.9767832006e-02 1.3060637092e-01
8.9000000000e-02 3.1927942126e-02 8.4310710858e+01 5.3089217709e-01 6.1423264252e-02 1.3541033373e-01
9.0000000000e-02 3.2219955849e-02 8.5261769065e+01 5.4440833793e-01 6.3106648761e-02 1.4033734731e-01
9.1000000000e-02 3.2511855649e-02 8.6212913388e+01 5.5820516212e-01 6.4818093045e-02 1.4538942615e-01
9.2000000000e-02 3.2803614739e-02 8.7164145080e+01 5.7228698217e-01 6.6557696595e-02 1.5056835289e-01
9.3000000000e-02 3.3095205456e-02 8.8115465418e+01 5.8665813441e-01 6.8325550584e-02 1.5587614359e-01
9.4000000000e-02 3.3386599315e-02 8.9066875731e+01 6.0132295994e-01 7.0121737724e-02 1.6131471764e-01
9.5000000000e-02 3.3677767143e-02 9.0018377381e+01 6.1628580434e-01 7.1946332374e-02 1.6688596004e-01
9.6000000000e-02 3.3968678970e-02 9.0969971770e+01 6.3155101675e-01 7.3799399978e-02 1.7259191471e-01
9.7000000000e-02 3.4259304302e-02 9.1921660342e+01 6.4712294830e-01 7.5680997586e-02 1.7843445752e-01
9.8000000000e-02 3.4549611928e-02 9.2873444574e+01 6.6300595802e-01 7.7591173075e-02 1.8441571621e-01
9.9000000000e-02 3.4839570100e-02 9.3825325989e+01 6.7920440484e-01 7.9529965418e-02 1.9053754162e-01
1.0000000000e-01 3.5129146621e-02 9.4777306144e+01 6.9572265289e-01 8.1497404758e-02 1.9680209309e-01
1.0100000000e-01 3.5418308725e-02 9.5729386636e+01 7.1256506957e-01 8.3493511815e-02 2.0321133445e-01
1.0200000000e-01 3.5707023255e-02 9.6681569098e+01 7.2973602516e-01 8.5518298235e-02 2.0976738021e-01
1.0300000000e-01 3.5995256636e-02 9.7633855205e+01 7.4723989156e-01 8.7571766306e-02 2.1647211998e-01
1.0400000000e-01 3.6282974954e-02 9.8586246667e+01 7.6508104473e-01 8.9653909032e-02 2.2332787299e-01
1.0500000000e-01 3.6570143905e-02 9.9538745237e+01 7.8326386433e-01 9.1764709777e-02 2.3033669507e-01
1.0600000000e-01 3.6856728958e-02 1.0049135270e+02 8.0179272855e-01 9.3904142646e-02 2.3750048994e-01
1.0700000000e-01 3.7142695340e-02 1.0144407087e+02 8.2067202115e-01 9.6072172259e-02 2.4482167315e-01
1.0800000000e-01 3.7428007967e-02 1.0239690163e+02 8.3990612738e-01 9.8268753394e-02 2.5230219462e-01
1.0900000000e-01 3.7712631593e-02 1.0334984686e+02 8.5949943155e-01 1.0049383131e-01 2.5994431677e-01
1.1000000000e-01 3.7996530847e-02 1.0430290850e+02 8.7945631892e-01 1.0274734178e-01 2.6775018301e-01
1.1100000000e-01 3.8279670159e-02 1.0525608854e+02 8.9978118040e-01 1.0502921068e-01 2.7572186342e-01
1.1200000000e-01 3.8562013895e-02 1.0620938896e+02 9.2047840006e-01 1.0733935436e-01 2.8386181707e-01
1.1300000000e-01 3.8843526319e-02 1.0716281182e+02 9.4155236960e-01 1.0967767940e-01 2.9217213838e-01
1.1400000000e-01 3.9124171619e-02 1.0811635921e+02 9.6300747253e-01 1.1204408259e-01 3.0065511856e-01
1.1500000000e-01 3.9403913981e-02 1.0907003324e+02 9.8484809759e-01 1.1443845111e-01 3.0931304472e-01
1.1600000000e-01 3.9682717609e-02 1.1002383605e+02 1.0070786294e+00 1.1686066254e-01 3.1814799074e-01
1.1700000000e-01 3.9960546656e-02 1.1097776985e+02 1.0297034501e+00 1.1931058450e-01 3.2716247425e-01
1.1800000000e-01 4.0237365350e-02 1.1193183684e+02 1.0527269412e+00 1.2178807505e-01 3.3635883713e-01
1.1900000000e-01 4.0513137951e-02 1.1288603929e+02 1.0761534802e+00 1.2429298249e-01 3.4573915089e-01
1.2000000000e-01 4.0787828891e-02 1.1384037950e+02 1.0999874422e+00 1.2682514582e-01 3.5530606261e-01
1.2100000000e-01 4.1061402630e-02 1.1479485977e+02 1.1242331954e+00 1.2938439416e-01 3.6506179106e-01
1.2200000000e-01 4.1333823701e-02 1.1574948248e+02 1.1488951057e+00 1.3197054685e-01 3.7500885208e-01
1.2300000000e-01 4.1605056925e-02 1.1670425002e+02 1.1739775340e+00 1.3458341432e-01 3.8514946872e-01
1.2400000000e-01 4.1875067154e-02 1.1765916480e+02 1.1994848301e+00 1.3722279697e-01 3.9548599977e-01
1.2500000000e-01 4.2143819460e-02 1.1861422929e+02 1.2254213426e+00 1.3988848599e-01 4.0602120045e-01
1.2600000000e-01 4.2411279099e-02 1.1956944597e+02 1.2517914093e+00 1.4258026311e-01 4.1675703381e-01
1.2700000000e-01 4.2677411594e-02 1.2052481737e+02 1.2785993599e+00 1.4529790107e-01 4.2769676335e-01
1.2800000000e-01 4.2942182609e-02 1.2148034604e+02 1.3058495146e+00 1.4804116294e-01 4.3884228318e-01
1.2900000000e-01 4.3205558096e-02 1.2243603456e+02 1.3335461839e+00 1.5080980288e-01 4.5019584298e-01
1.3000000000e-01 4.3467504255e-02 1.2339188553e+02 1.3616936672e+00 1.5360356590e-01 4.6176077532e-01
1.3100000000e-01 4.3727987576e-02 1.2434790161e+02 1.3902962498e+00 1.5642218811e-01 4.7353919065e-01
1.3200000000e-01 4.3986974801e-02 1.2530408547e+02 1.4193582078e+00 1.5926539656e-01 4.8553343142e-01
1.3300000000e-01 4.4244432962e-02 1.2626043980e+02 1.4488837993e+00 1.6213290944e-01 4.9774663464e-01
1.3400000000e-01 4.4500329428e-02 1.2721696733e+02 1.4788772691e+00 1.6502443633e-01 5.1018092054e-01
1.3500000000e-01 4.4754631866e-02 1.2817367083e+02 1.5093428489e+00 1.6793967808e-01 5.2283926491e-01
1.3600000000e-01 4.5007308308e-02 1.2913055306e+02 1.5402847473e+00 1.7087832717e-01 5.3572392333e-01
1.3700000000e-01 4.5258327073e-02 1.3008761685e+02 1.5717071599e+00 1.7384006736e-01 5.4883780269e-01
1.3800000000e-01 4.5507656884e-02 1.3104486503e+02 1.6036142617e+00 1.7682457436e-01 5.6218355236e-01
1.3900000000e-01 4.5755266792e-02 1.3200230046e+02 1.6360102082e+00 1.7983151551e-01 5.7576389339e-01
1.4000000000e-01 4.6001126216e-02 1.3295992603e+02 1.6688991306e+00 1.8286055000e-01 5.8958163989e-01
1.4100000000e-01 4.6245204979e-02 1.3391774465e+02 1.7022851416e+00 1.8591132919e-01 6.0363978074e-01
1.4200000000e-01 4.6487473290e-02 1.3487575925e+02 1.7361723271e+00 1.8898349660e-01 6.1794029872e-01
1.4300000000e-01 4.6727901740e-02 1.3583397278e+02 1.7705647492e+00 1.9207668791e-01 6.3248628433e-01
1.4400000000e-01 4.6966461341e-02 1.3679238825e+02 1.8054664456e+00 1.9519053130e-01 6.4728129344e-01
1.4500000000e-01 4.7203123458e-02 1.3775100863e+02 1.8408814250e+00 1.9832464716e-01 6.6232673006e-01
1.4600000000e-01 4.7437859963e-02 1.3870983697e+02 1.8768136675e+00 2.0147864906e-01 6.7762662455e-01
1.4700000000e-01 4.7670643094e-02 1.3966887629e+02 1.9132671243e+00 2.0465214300e-01 6.9318331607e-01
1.4800000000e-01 4.7901445558e-02 1.4062812968e+02 1.9502457137e+00 2.0784472818e-01 7.0899984959e-01
1.4900000000e-01 4.8130240434e-02 1.4158760020e+02 1.9877533266e+00 2.1105599652e-01 7.2507878861e-01
1.5000000000e-01 4.8357001313e-02 1.4254729097e+02 2.0257938154e+00 2.1428553353e-01 7.4142380837e-01
1.5100000000e-01 4.8581702186e-02 1.4350720510e+02 2.0643710000e+00 2.1753291787e-01 7.5803689479e-01
1.5200000000e-01 4.8804317516e-02 1.4446734574e+02 2.1034886648e+00 2.2079772181e-01 7.7492150183e-01
1.5300000000e-01 4.9024822187e-02 1.4542771602e+02 2.1431505530e+00 2.2407951110e-01 7.9208102124e-01
1.5400000000e-01 4.9243191650e-02 1.4638831914e+02 2.1833603749e+00 2.2737784597e-01 8.0951793234e-01
1.5500000000e-01 4.9459401653e-02 1.4734915826e+02 2.2241217961e+00 2.3069227961e-01 8.2723540035e-01
1.5600000000e-01 4.9673428534e-02 1.4831023660e+02 2.2654384439e+00 2.3402236008e-01 8.4523579393e-01
1.5700000000e-01 4.9885249029e-02 1.4927155736e+02 2.3073139026e+00 2.3736762933e-01 8.6352320182e-01
1.5800000000e-01 5.0094840442e-02 1.5023312377e+02 2.3497517100e+00 2.4072762431e-01 8.8210062236e-01
1.5900000000e-01 5.0302180429e-02 1.5119493908e+02 2.3927553609e+00 2.4410187585e-01 9.0096994021e-01
1.6000000000e-01 5.0507247197e-02 1.5215700653e+02 2.4363283030e+00 2.4748990996e-01 9.2013625078e-01
1.6100000000e-01 5.0710019458e-02 1.5311932937e+02 2.4804739351e+00 2.5089124780e-01 9.3960002484e-01
1.6200000000e-01 5.0910476294e-02 1.5408191090e+02 2.5251956097e+00 2.5430540489e-01 9.5936709379e-01
1.6300000000e-01 5.1108597397e-02 1.5504475438e+02 2.5704966263e+00 2.5773189283e-01 9.7943951785e-01
1.6400000000e-01 5.1304362837e-02 1.5600786310e+02 2.6163802306e+00 2.6117021797e-01 9.9982032462e-01
1.6500000000e-01 5.1497753239e-02 1.5697124037e+02 2.6628496190e+00 2.6461988268e-01 1.0205130846e+00
1.6600000000e-01 5.1688749674e-02 1.5793488949e+02 2.7099079326e+00 2.6808038487e-01 1.0415208089e+00
1.6700000000e-01 5.1877333732e-02 1.5889881377e+02 2.7575582543e+00 2.7155121855e-01 1.0628466525e+00
1.6800000000e-01 5.2063487429e-02 1.5986301651e+02 2.8058036118e+00 2.7503187344e-01 1.0844943207e+00
1.6900000000e-01 5.2247193339e-02 1.6082750106e+02 2.8546469740e+00 2.7852183599e-01 1.1064667285e+00
1.7000000000e-01 5.2428434459e-02 1.6179227072e+02 2.9040912506e+00 2.8202058865e-01 1.1287681537e+00
1.7100000000e-01 5.2607194327e-02 1.6275732884e+02 2.9541392896e+00 2.8552761084e-01 1.1514000010e+00
1.7200000000e-01 5.2783456939e-02 1.6372267874e+02 3.0047938755e+00 2.8904237854e-01 1.1743672995e+00
1.7300000000e-01 5.2957206738e-02 1.6468832376e+02 3.0560577328e+00 2.9256436442e-01 1.1976724226e+00
1.7400000000e-01 5.3128428715e-02 1.6565426723e+02 3.1079335186e+00 2.9609303866e-01 1.2213200336e+00
1.7500000000e-01 5.3297108324e-02 1.6662051247e+02 3.1604238233e+00 2.9962786861e-01 1.2453119768e+00
1.7600000000e-01 5.3463231457e-02 1.6758706284e+02 3.2135311746e+00 3.0316831868e-01 1.2696533171e+00
1.7700000000e-01 5.3626784547e-02 1.6855392166e+02 3.2672580253e+00 3.0671385137e-01 1.2943467025e+00
1.7800000000e-01 5.3787754482e-02 1.6952109225e+02 3.3216067646e+00 3.1026392676e-01 1.3193956189e+00
1.7900000000e-01 5.3946128571e-02 1.7048857796e+02 3.3765797083e+00 3.1381800242e-01 1.3448030535e+00
1.8000000000e-01 5.4101894703e-02 1.7145638210e+02 3.4321791009e+00 3.1737553483e-01 1.3705736833e+00
1.8100000000e-01 5.4255041159e-02 1.7242450799e+02 3.4884071121e+00 3.2093597811e-01 1.3967104316e+00
1.8200000000e-01 5.4405556721e-02 1.7339295895e+02 3.5452658405e+00 3.2449878503e-01 1.4232166976e+00
1.8300000000e-01 5.4553430647e-02 1.7436173829e+02 3.6027573098e+00 3.2806340702e-01 1.4500963170e+00
1.8400000000e-01 5.4698652651e-02 1.7533084930e+02 3.6608834622e+00 3.3162929418e-01 1.4773529527e+00
1.8500000000e-01 5.4841212870e-02 1.7630029529e+02 3.7196461691e+00 3.3519589519e-01 1.5049906619e+00
1.8600000000e-01 5.4981101968e-02 1.7727007954e+02 3.7790472217e+00 3.3876265833e-01 1.5330120910e+00
1.8700000000e-01 5.5118311044e-02 1.7824020533e+02 3.8390883291e+00 3.4232903096e-01 1.5614219909e+00
1.8800000000e-01 5.5252831642e-02 1.7921067593e+02 3.8997711229e+00 3.4589445969e-01 1.5902225501e+00
1.8900000000e-01 5.5384655763e-02 1.8018149459e+02 3.9610971526e+00 3.4945839078e-01 1.6194193188e+00
1.9000000000e-01 5.5513775861e-02 1.8115266457e+02 4.0230678861e+00 3.5302027021e-01 1.6490146028e+00
1.9100000000e-01 5.5640184844e-02 1.8212418911e+02 4.0856847066e+00 3.5657954385e-01 1.6790131234e+00
1.9200000000e-01 5.5763876040e-02 1.8309607142e+02 4.1489489148e+00 3.6013565746e-01 1.7094187536e+00
1.9300000000e-01 5.5884843247e-02 1.8406831471e+02 4.2128617279e+00 3.6368805720e-01 1.7402332396e+00
1.9400000000e-01 5.6003080668e-02 1.8504092219e+02 4.2774242736e+00 3.6723618926e-01 1.7714633932e+00
1.9500000000e-01 5.6118582979e-02 1.8601389703e+02 4.3426375955e+00 3.7077950068e-01 1.8031109839e+00
1.9600000000e-01 5.6231345241e-02 1.8698724240e+02 4.4085026498e+00 3.7431743876e-01 1.8351807160e+00
1.9700000000e-01 5.6341362988e-02 1.8796096145e+02 4.4750203055e+00 3.7784945194e-01 1.8676768248e+00
1.9800000000e-01 5.6448632135e-02 1.8893505732e+02 4.5421913393e+00 3.8137498924e-01 1.9006022797e+00
1.9900000000e-01 5.6553149052e-02 1.8990953312e+02 4.6100164427e+00 3.8489350109e-01 1.9339606470e+00
2.0000000000e-01 5.6654910469e-02 1.9088439196e+02 4.6784962142e+00 3.8840443861e-01 1.9677572894e+00
2.0100000000e-01 5.6753913608e-02 1.9185963691e+02 4.7476311624e+00 3.9190725500e-01 2.0019957076e+00
2.0200000000e-01 5.6850156048e-02 1.9283527104e+02 4.8174217056e+00 3.9540140453e-01 2.0366799095e+00
2.0300000000e-01 5.6943635755e-02 1.9381129738e+02 4.8878681671e+00 3.9888634292e-01 2.0718124160e+00
2.0400000000e-01 5.7034351130e-02 1.9478771897e+02 4.9589707796e+00 4.0236152801e-01 2.1073997584e+00
2.0500000000e-01 5.7122300982e-02 1.9576453879e+02 5.0307296823e+00 4.0582641964e-01 2.1434437806e+00
2.0600000000e-01 5.7207484449e-02 1.9674175982e+02 5.1031449222e+00 4.0928047916e-01 2.1799509554e+00
2.0700000000e-01 5.7289901128e-02 1.9771938503e+02 5.1762164470e+00 4.1272317068e-01 2.2169214247e+00
2.0800000000e-01 5.7369550972e-02 1.9869741735e+02 5.2499441157e+00 4.1615396043e-01 2.2543638174e+00
2.0900000000e-01 5.7446434273e-02 1.9967585968e+02 5.3243276893e+00 4.1957231668e-01 2.2922795057e+00
2.1000000000e-01 5.7520551771e-02 2.0065471492e+02 5.3993668330e+00 4.2297771091e-01 2.3306735142e+00
2.1100000000e-01 5.7591904517e-02 2.0163398591e+02 5.4750611183e+00 4.2636961678e-01 2.3695486435e+00
2.1200000000e-01 5.7660493959e-02 2.0261367551e+02 5.5514100179e+00 4.2974751098e-01 2.4089111740e+00
2.1300000000e-01 5.7726321908e-02 2.0359378649e+02 5.6284129085e+00 4.3311087319e-01 2.4487637262e+00
2.1400000000e-01 5.7789390525e-02 2.0457432168e+02 5.7060690715e+00 4.3645918603e-01 2.4891120041e+00
2.1500000000e-01 5.7849702297e-02 2.0555528381e+02 5.7843776911e+00 4.3979193502e-01 2.5299592646e+00
2.1600000000e-01 5.7907260126e-02 2.0653667560e+02 5.8633378511e+00 4.4310860963e-01 2.5713091819e+00
2.1700000000e-01 5.7962067199e-02 2.0751849978e+02 5.9429485420e+00 4.4640870208e-01 2.6131670951e+00
2.1800000000e-01 5.8014127080e-02 2.0850075899e+02 6.0232086557e+00 4.4969170850e-01 2.6555377434e+00
2.1900000000e-01 5.8063443648e-02 2.0948345589e+02 6.1041169812e+00 4.5295712840e-01 2.6984225534e+00
2.2000000000e-01 5.8110021121e-02 2.1046659309e+02 6.1856722188e+00 4.5620446510e-01 2.7418310731e+00
2.2100000000e-01 5.8153864041e-02 2.1145017317e+02 6.2678729621e+00 4.5943322568e-01 2.7857627717e+00
2.2200000000e-01 5.8194977282e-02 2.1243419869e+02 6.3507177128e+00 4.6264292126e-01 2.8302233730e+00
2.2300000000e-01 5.8233366033e-02 2.1341867215e+02 6.4342048705e+00 4.6583306698e-01 2.8752175760e+00
2.2400000000e-01 5.8269035776e-02 2.1440359607e+02 6.5183327393e+00 4.6900318181e-01 2.9207511477e+00
2.2500000000e-01 5.8301992339e-02 2.1538897288e+02 6.6030995245e+00 4.7215278943e-01 2.9668251347e+00
2.2600000000e-01 5.8332241847e-02 2.1637480503e+02 6.6885033303e+00 4.7528141767e-01 3.0134476474e+00
2.2700000000e-01 5.8359790675e-02 2.1736109489e+02 6.7745421707e+00 4.7838859824e-01 3.0606211218e+00
2.2800000000e-01 5.8384645583e-02 2.1834784483e+02 6.8612139533e+00 4.8147386835e-01 3.1083493694e+00
2.2900000000e-01 5.8406813546e-02 2.1933505718e+02 6.9485164948e+00 4.8453676895e-01 3.1566407817e+00
2.3000000000e-01 5.8426301886e-02 2.2032273422e+02 7.0364475091e+00 4.8757684629e-01 3.2054938845e+00
2.3100000000e-01 5.8443118146e-02 2.2131087821e+02 7.1250046160e+00 4.9059365072e-01 3.2549182726e+00
2.3200000000e-01 5.8457270198e-02 2.2229949138e+02 7.2141853392e+00 4.9358673801e-01 3.3049159982e+00
2.3300000000e-01 5.8468766159e-02 2.2328857591e+02 7.3039871033e+00 4.9655566849e-01 3.3554939301e+00
2.3400000000e-01 5.8477614454e-02 2.2427813395e+02 7.3944072373e+00 4.9950000795e-01 3.4066532747e+00
2.3500000000e-01 5.8483823687e-02 2.2526816762e+02 7.4854429722e+00 5.0241932628e-01 3.4584012521e+00
2.3600000000e-01 5.8487402858e-02 2.2625867900e+02 7.5770914482e+00 5.0531320004e-01 3.5107405855e+00
2.3700000000e-01 5.8488361125e-02 2.2724967012e+02 7.6693497041e+00 5.0818120990e-01 3.5636770220e+00
2.3800000000e-01 5.8486707876e-02 2.2824114299e+02 7.7622146888e+00 5.1102294158e-01 3.6172150305e+00
2.3900000000e-01 5.8482452830e-02 2.2923309959e+02 7.8556832514e+00 5.1383798707e-01 3.6713593078e+00
2.4000000000e-01 5.8475605931e-02 2.3022554184e+02 7.9497521506e+00 5.1662594365e-01 3.7261156504e+00
2.4100000000e-01 5.8466177308e-02 2.3121847163e+02 8.0444180518e+00 5.1938641338e-01 3.7814868264e+00
2.4200000000e-01 5.8454177377e-02 2.3221189082e+02 8.1396775220e+00 5.2211900452e-01 3.8374804023e+00
2.4300000000e-01 5.8439616786e-02 2.3320580123e+02 8.2355270413e+00 5.2482333099e-01 3.8940965453e+00
2.4400000000e-01 5.8422506364e-02 2.3420020462e+02 8.3319629913e+00 5.2749901177e-01 3.9513424096e+00
2.4500000000e-01 5.8402857216e-02 2.3519510274e+02 8.4289816728e+00 5.3014567224e-01 4.0092247405e+00
2.4600000000e-01 5.8380680616e-02 2.3619049729e+02 8.5265792812e+00 5.3276294299e-01 4.0677465733e+00
2.4700000000e-01 5.8355988098e-02 2.3718638993e+02 8.6247519311e+00 5.3535046098e-01 4.1269109427e+00
2.4800000000e-01 5.8328791381e-02 2.3818278227e+02 8.7234956459e+00 5.3790786873e-01 4.1867257361e+00
2.4900000000e-01 5.8299102399e-02 2.3917967590e+02 8.8228063556e+00 5.4043481485e-01 4.2471940134e+00
2.5000000000e-01 5.8266933263e-02 2.4017707235e+02 8.9226799082e+00 5.4293095358e-01 4.3083223757e+00
2.5100000000e-01 5.8232296329e-02 2.4117497314e+02 9.0231120543e+00 5.4539594577e-01 4.3701127920e+00
2.5200000000e-01 5.8195204104e-02 2.4217337971e+02 9.1240984679e+00 5.4782945785e-01 4.4325734427e+00
2.5300000000e-01 5.8155669298e-02 2.4317229348e+02 9.2256347283e+00 5.5023116246e-01 4.4957054228e+00
2.5400000000e-01 5.8113704809e-02 2.4417171583e+02 9.3277163351e+00 5.5260073846e-01 4.5595178370e+00
2.5500000000e-01 5.8069323722e-02 2.4517164809e+02 9.4303386983e+00 5.5493787093e-01 4.6240106772e+00
2.5600000000e-01 5.8022539292e-02 2.4617209157e+02 9.5334971473e+00 5.5724225109e-01 4.6891953187e+00
2.5700000000e-01 5.7973364956e-02 2.4717304752e+02 9.6371869234e+00 5.5951357648e-01 4.7550726640e+00
2.5800000000e-01 5.7921814297e-02 2.4817451714e+02 9.7414031914e+00 5.6175155062e-01 4.8216451713e+00
2.5900000000e-01 5.7867901101e-02 2.4917650162e+02 9.8461410287e+00 5.6395588384e-01 4.8889278780e+00
2.6000000000e-01 5.7811639298e-02 2.5017900207e+02 9.9513954379e+00 5.6612629252e-01 4.9569102401e+00
2.6100000000e-01 5.7753042956e-02 2.5118201959e+02 1.0057161335e+01 5.6826249920e-01 5.0256104809e+00
2.6200000000e-01 5.7692126312e-02 2.5218555523e+02 1.0163433562e+01 5.7036423291e-01 5.0950268244e+00
2.6300000000e-01 5.7628903782e-02 2.5318960999e+02 1.0270206879e+01 5.7243122951e-01 5.1651694488e+00
2.6400000000e-01 5.7563389914e-02 2.5419418482e+02 1.0377475973e+01 5.7446323107e-01 5.2360383841e+00
2.6500000000e-01 5.7495599347e-02 2.5519928065e+02 1.0485235450e+01 5.7645998540e-01 5.3076406725e+00
2.6600000000e-01 5.7425546945e-02 2.5620489836e+02 1.0593479846e+01 5.7842124792e-01 5.3799831530e+00
2.6700000000e-01 5.7353247653e-02 2.5721103879e+02 1.0702203617e+01 5.8034677975e-01 5.4530679086e+00
2.6800000000e-01 5.7278716570e-02 2.5821770272e+02 1.0811401150e+01 5.8223634884e-01 5.5269024846e+00
2.6900000000e-01 5.7201968899e-02 2.5922489092e+02 1.0921066754e+01 5.8408972927e-01 5.6014908010e+00
2.7000000000e-01 5.7123020012e-02 2.6023260408e+02 1.1031194677e+01 5.8590670221e-01 5.6768365533e+00
2.7100000000e-01 5.7041885364e-02 2.6124084288e+02 1.1141779085e+01 5.8768705483e-01 5.7529507647e+00
2.7200000000e-01 5.6958580521e-02 2.6224960794e+02 1.1252814080e+01 5.8943058073e-01 5.8298318968e+00
2.7300000000e-01 5.6873121229e-02 2.6325889984e+02 1.1364293698e+01 5.9113708091e-01 5.9074866472e+00
2.7400000000e-01 5.6785523263e-02 2.6426871913e+02 1.1476211902e+01 5.9280636177e-01 5.9859231136e+00
2.7500000000e-01 5.6695802580e-02 2.6527906629e+02 1.1588562597e+01 5.9443823729e-01 6.0651438959e+00
2.7600000000e-01 5.6603975176e-02 2.6628994180e+02 1.1701339612e+01 5.9603252703e-01 6.1451545879e+00
2.7700000000e-01 5.6510057204e-02 2.6730134605e+02 1.1814536722e+01 5.9758905788e-01 6.2259621818e+00
2.7800000000e-01 5.6414064879e-02 2.6831327943e+02 1.1928147634e+01 5.9910766276e-01 6.3075723037e+00
2.7900000000e-01 5.6316014542e-02 2.6932574227e+02 1.2042165993e+01 6.0058818153e-01 6.3899878149e+00
2.8000000000e-01 5.6215922567e-02 2.7033873484e+02 1.2156585388e+01 6.0203045975e-01 6.4732122701e+00
2.8100000000e-01 5.6113805515e-02 2.7135225741e+02 1.2271399341e+01 6.0343435090e-01 6.5572527079e+00
2.8200000000e-01 5.6009679934e-02 2.7236631015e+02 1.2386601323e+01 6.0479971356e-01 6.6421187445e+00
2.8300000000e-01 5.5903562518e-02 2.7338089326e+02 1.2502184745e+01 6.0612641372e-01 6.7278097890e+00
2.8400000000e-01 5.5795470014e-02 2.7439600683e+02 1.2618142957e+01 6.0741432346e-01 6.8143366503e+00
2.8500000000e-01 5.5685419249e-02 2.7541165096e+02 1.2734469263e+01 6.0866332139e-01 6.9016987420e+00
2.8600000000e-01 5.5573427127e-02 2.7642782568e+02 1.2851156906e+01 6.0987329268e-01 6.9899097122e+00
2.8700000000e-01 5.5459510634e-02 2.7744453099e+02 1.2968199079e+01 6.1104412906e-01 7.0789657139e+00
2.8800000000e-01 5.5343686794e-02 2.7846176684e+02 1.3085588928e+01 6.1217572827e-01 7.1688722352e+00
2.8900000000e-01 5.5225972725e-02 2.7947953314e+02 1.3203319540e+01 6.1326799494e-01 7.2596432210e+00
2.9000000000e-01 5.5106385603e-02 2.8049782976e+02 1.3321383958e+01 6.1432083998e-01 7.3512748193e+00
2.9100000000e-01 5.4984942645e-02 2.8151665656e+02 1.3439775180e+01 6.1533418047e-01 7.4437838385e+00
2.9200000000e-01 5.4861661148e-02 2.8253601330e+02 1.3558486153e+01 6.1630794018e-01 7.5371661971e+00
2.9300000000e-01 5.4736558436e-02 2.8355589974e+02 1.3677509774e+01 6.1724204879e-01 7.6314316876e+00
2.9400000000e-01 5.4609651919e-02 2.8457631559e+02 1.3796838907e+01 6.1813644286e-01 7.7265806923e+00
2.9500000000e-01 5.4480959011e-02 2.8559726053e+02 1.3916466367e+01 6.1899106458e-01 7.8226216154e+00
2.9600000000e-01 5.4350497206e-02 2.8661873418e+02 1.4036384927e+01 6.1980586290e-01 7.9195695126e+00
2.9700000000e-01 5.4218284049e-02 2.8764073613e+02 1.4156587318e+01 6.2058079313e-01 8.0174065627e+00
2.9800000000e-01 5.4084337089e-02 2.8866326594e+02 1.4277066235e+01 6.2131581626e-01 8.1161665568e+00
2.9900000000e-01 5.3948673957e-02 2.8968632311e+02 1.4397814335e+01 6.2201090015e-01 8.2158295192e+00
3.0000000000e-01 5.3811312274e-02 2.9070990712e+02 1.4518824234e+01 6.2266601811e-01 8.3164212556e+00
3.0100000000e-01 5.3672269715e-02 2.9173401739e+02 1.4640088513e+01 6.2328114987e-01 8.4179400631e+00
3.0200000000e-01 5.3531564005e-02 2.9275865332e+02 1.4761599726e+01 6.2385628161e-01 8.5203823083e+00
3.0300000000e-01 5.3389212867e-02 2.9378381428e+02 1.4883350384e+01 6.2439140505e-01 8.6237667559e+00
3.0400000000e-01 5.3245234054e-02 2.9480949956e+02 1.5005332967e+01 6.2488651810e-01 8.7280878753e+00
3.0500000000e-01 5.3099645361e-02 2.9583570846e+02 1.5127539932e+01 6.2534162484e-01 8.8333654473e+00
3.0600000000e-01 5.2952464599e-02 2.9686244020e+02 1.5249963703e+01 6.2575673534e-01 8.9395934682e+00
3.0700000000e-01 5.2803709598e-02 2.9788969401e+02 1.5372596669e+01 6.2613186551e-01 9.0467826719e+00
3.0800000000e-01 5.2653398171e-02 2.9891746902e+02 1.5495431198e+01 6.2646703672e-01 9.1549313469e+00
3.0900000000e-01 5.2501548205e-02 2.9994576439e+02 1.5618459631e+01 6.2676227706e-01 9.2640545770e+00
3.1000000000e-01 5.2348177563e-02 3.0097457918e+02 1.5741674286e+01 6.2701761989e-01 9.3741583590e+00
3.1100000000e-01 5.2193304127e-02 3.0200391247e+02 1.5865067457e+01 6.2723310449e-01 9.4852381067e+00
3.1200000000e-01 5.2036945775e-02 3.0303376327e+02 1.5988631408e+01 6.2740877570e-01 9.5973070372e+00
3.1300000000e-01 5.1879120411e-02 3.0406413054e+02 1.6112358393e+01 6.2754468436e-01 9.7103692409e+00
3.1400000000e-01 5.1719845940e-02 3.0509501324e+02 1.6236240642e+01 6.2764088693e-01 9.8244365425e+00
3.1500000000e-01 5.1559140244e-02 3.0612641029e+02 1.6360270362e+01 6.2769744510e-01 9.9394990379e+00
3.1600000000e-01 5.1397021241e-02 3.0715832054e+02 1.6484439751e+01 6.2771442669e-01 1.0055584533e+01
3.1700000000e-01 5.1233506843e-02 3.0819074284e+02 1.6608740981e+01 6.2769190504e-01 1.0172675861e+01
3.1800000000e-01 5.1068614926e-02 3.0922367599e+02 1.6733166218e+01 6.2762995840e-01 1.0290798953e+01
3.1900000000e-01 5.0902363371e-02 3.1025711875e+02 1.6857707605e+01 6.2752867068e-01 1.0409945834e+01
3.2000000000e-01 5.0734770111e-02 3.1129106987e+02 1.6982357282e+01 6.2738813214e-01 1.0530130362e+01
