# # n,  X, eps, P, P_e, P_std
1.000000000000000021e-02 7.921456999999999804e-03 9.425240000000000506e+00 1.834485937899999961e-02 5.190098000000000194e-04 1.458170000000000093e-06
1.099999999999999936e-02 8.011020000000000640e-03 1.036891999999999925e+01 2.079673178000000094e-02 5.982566000000000142e-04 2.207350999999999951e-06
1.200000000000000025e-02 8.132382000000000499e-03 1.131278000000000006e+01 2.321250743699999897e-02 6.854705999999999690e-04 3.223279000000000179e-06
1.299999999999999940e-02 8.278880000000000614e-03 1.225681999999999938e+01 2.558457629699999875e-02 7.810624999999999643e-04 4.566603000000000330e-06
1.400000000000000029e-02 8.445687999999999807e-03 1.320102999999999938e+01 2.791196557900000111e-02 8.854378000000000422e-04 6.305290999999999971e-06
1.499999999999999944e-02 8.629206000000000376e-03 1.414541000000000004e+01 3.019938703099999885e-02 9.989969999999999493e-04 8.514855000000000657e-06
1.600000000000000033e-02 8.826686000000000254e-03 1.508994999999999997e+01 3.245629758000000142e-02 1.122135000000000016e-03 1.127857999999999934e-05
1.700000000000000122e-02 9.035984000000000377e-03 1.603464999999999918e+01 3.469598777200000317e-02 1.255239999999999915e-03 1.468773999999999941e-05
1.799999999999999864e-02 9.255393000000000647e-03 1.697950000000000159e+01 3.693470982400000324e-02 1.398694999999999930e-03 1.884177999999999835e-05
1.899999999999999953e-02 9.483534000000000061e-03 1.792451000000000150e+01 3.919085454900000237e-02 1.552875000000000002e-03 2.384856000000000126e-05
2.000000000000000042e-02 9.719271999999999287e-03 1.886965999999999966e+01 4.148418450900000221e-02 1.718151000000000010e-03 2.982450999999999950e-05
2.100000000000000130e-02 9.961664999999999756e-03 1.981494999999999962e+01 4.383512878399999785e-02 1.894882000000000077e-03 3.689484000000000063e-05
2.199999999999999872e-02 1.020991000000000086e-02 2.076038000000000139e+01 4.626414336700000046e-02 2.083423000000000046e-03 4.519372000000000206e-05
2.299999999999999961e-02 1.046333999999999979e-02 2.170593999999999824e+01 4.879113961800000260e-02 2.284121000000000068e-03 5.486447000000000090e-05
2.400000000000000050e-02 1.072135999999999922e-02 2.265163000000000082e+01 5.143498255900000315e-02 2.497313000000000137e-03 6.605972999999999576e-05
2.500000000000000139e-02 1.098346000000000044e-02 2.359744999999999848e+01 5.421305937800000030e-02 2.723329999999999935e-03 7.894162000000000466e-05
2.599999999999999881e-02 1.124918999999999919e-02 2.454338999999999871e+01 5.714091814499999700e-02 2.962493000000000071e-03 9.368193999999999773e-05
2.699999999999999969e-02 1.151816999999999945e-02 2.548943999999999832e+01 6.023197577199999875e-02 3.215116000000000068e-03 1.104622999999999944e-04
2.800000000000000058e-02 1.179002999999999995e-02 2.643561000000000050e+01 6.349729348700000608e-02 3.481505000000000190e-03 1.294744000000000016e-04
2.900000000000000147e-02 1.206447000000000075e-02 2.738190000000000168e+01 6.694541853400000353e-02 3.761955999999999894e-03 1.509199999999999984e-04
2.999999999999999889e-02 1.234119000000000015e-02 2.832828999999999908e+01 7.058228833500000687e-02 4.056757999999999718e-03 1.750110999999999887e-04
3.099999999999999978e-02 1.261995999999999951e-02 2.927477999999999980e+01 7.441119540599999693e-02 4.366191999999999643e-03 2.019705000000000003e-04
3.200000000000000067e-02 1.290053000000000033e-02 3.022137999999999991e+01 7.843280822900000615e-02 4.690530000000000047e-03 2.320312999999999955e-04
3.300000000000000155e-02 1.318269000000000038e-02 3.116807999999999979e+01 8.264524543300000303e-02 5.030037999999999697e-03 2.654375999999999741e-04
3.400000000000000244e-02 1.346626000000000073e-02 3.211487000000000336e+01 8.704419806700000595e-02 5.384970999999999682e-03 3.024441999999999799e-04
3.500000000000000333e-02 1.375105000000000077e-02 3.306175999999999959e+01 9.162309561499999699e-02 5.755579000000000250e-03 3.433174000000000208e-04
3.599999999999999728e-02 1.403689999999999972e-02 3.400874000000000308e+01 9.637331140900000370e-02 6.142103999999999793e-03 3.883344000000000270e-04
3.699999999999999817e-02 1.432367000000000015e-02 3.495580999999999960e+01 1.012844011100000052e-01 6.544781000000000383e-03 4.377838000000000215e-04
3.799999999999999906e-02 1.461121999999999942e-02 3.590297000000000338e+01 1.063443702299999988e-01 6.963837999999999973e-03 4.919660000000000396e-04
3.899999999999999994e-02 1.489942999999999997e-02 3.685020999999999702e+01 1.115399639900000045e-01 7.399494999999999857e-03 5.511929000000000264e-04
4.000000000000000083e-02 1.518817000000000084e-02 3.779753000000000185e+01 1.168569745599999932e-01 7.851966999999999627e-03 6.157881999999999939e-04
4.100000000000000172e-02 1.547735000000000083e-02 3.874493999999999971e+01 1.222805604699999937e-01 8.321462999999999430e-03 6.860876000000000344e-04
4.200000000000000261e-02 1.576686999999999880e-02 3.969241999999999848e+01 1.277955706999999996e-01 8.808186000000000834e-03 7.624387999999999955e-04
4.299999999999999656e-02 1.605662999999999882e-02 4.063998000000000133e+01 1.333868708300000039e-01 9.312333000000000763e-03 8.452022999999999698e-04
4.399999999999999745e-02 1.634655999999999956e-02 4.158762000000000114e+01 1.390396629900000069e-01 9.834094999999999295e-03 9.347501999999999938e-04
4.499999999999999833e-02 1.663658000000000151e-02 4.253533999999999793e+01 1.447397969900000025e-01 1.037365999999999983e-02 1.031467000000000104e-03
4.599999999999999922e-02 1.692661999999999986e-02 4.348311999999999955e+01 1.504740654900000030e-01 1.093121000000000023e-02 1.135752000000000072e-03
4.700000000000000011e-02 1.721661999999999845e-02 4.443097999999999814e+01 1.562304806099999999e-01 1.150693000000000028e-02 1.248013999999999981e-03
4.800000000000000100e-02 1.750652000000000111e-02 4.537890999999999764e+01 1.619985275399999924e-01 1.210098000000000076e-02 1.368677999999999909e-03
4.900000000000000189e-02 1.779626000000000124e-02 4.632690999999999804e+01 1.677693898200000033e-01 1.271354000000000060e-02 1.498177999999999966e-03
5.000000000000000278e-02 1.808581000000000077e-02 4.727497999999999934e+01 1.735361461599999877e-01 1.334478000000000053e-02 1.636965999999999899e-03
5.099999999999999672e-02 1.837511000000000005e-02 4.822310999999999837e+01 1.792939329300000106e-01 1.399485999999999959e-02 1.785504999999999948e-03
5.199999999999999761e-02 1.866413999999999920e-02 4.917132000000000147e+01 1.850400737100000026e-01 1.466395000000000025e-02 1.944269999999999896e-03
5.299999999999999850e-02 1.895285000000000025e-02 5.011959000000000231e+01 1.907741699599999896e-01 1.535218999999999993e-02 2.113751999999999992e-03
5.399999999999999939e-02 1.924121999999999985e-02 5.106792999999999694e+01 1.964981579199999995e-01 1.605975999999999931e-02 2.294454999999999932e-03
5.500000000000000028e-02 1.952921999999999991e-02 5.201633000000000351e+01 2.022163245799999953e-01 1.678680000000000103e-02 2.486896000000000159e-03
5.600000000000000117e-02 1.981683000000000056e-02 5.296479999999999677e+01 2.079352896999999978e-01 1.753346999999999892e-02 2.691607999999999848e-03
5.700000000000000205e-02 2.010402000000000022e-02 5.391333000000000197e+01 2.136639485900000135e-01 1.829992999999999898e-02 2.909136000000000100e-03
5.800000000000000294e-02 2.039078000000000071e-02 5.486193000000000097e+01 2.194133827399999959e-01 1.908632000000000037e-02 3.140040000000000192e-03
5.899999999999999689e-02 2.067710999999999855e-02 5.581058999999999770e+01 2.251967347000000119e-01 1.989279999999999868e-02 3.384895000000000178e-03
5.999999999999999778e-02 2.096297999999999911e-02 5.675932000000000244e+01 2.310290547299999886e-01 2.071952000000000169e-02 3.644290000000000116e-03
6.099999999999999867e-02 2.124838000000000074e-02 5.770810999999999780e+01 2.369271184700000032e-01 2.156662000000000162e-02 3.918829000000000409e-03
6.199999999999999956e-02 2.153332000000000163e-02 5.865697000000000116e+01 2.429092197599999892e-01 2.243426999999999921e-02 4.209130000000000163e-03
6.300000000000000044e-02 2.181779000000000010e-02 5.960589000000000226e+01 2.489949430600000013e-01 2.332261999999999877e-02 4.515825999999999694e-03
6.400000000000000133e-02 2.210178999999999963e-02 6.055487999999999715e+01 2.552049178099999871e-01 2.423180999999999946e-02 4.839567000000000348e-03
6.500000000000000222e-02 2.238530999999999854e-02 6.150392999999999688e+01 2.615605597299999752e-01 2.516200000000000034e-02 5.181014999999999752e-03
6.600000000000000311e-02 2.266835999999999851e-02 6.245304999999999751e+01 2.680838030300000119e-01 2.611333999999999878e-02 5.540848999999999601e-03
6.700000000000000400e-02 2.295095000000000121e-02 6.340223000000000297e+01 2.747968274200000005e-01 2.708599000000000076e-02 5.919764999999999576e-03
6.800000000000000488e-02 2.323307999999999970e-02 6.435148999999999830e+01 2.817217838100000149e-01 2.808010000000000020e-02 6.318470999999999983e-03
6.900000000000000577e-02 2.351475000000000093e-02 6.530079999999999529e+01 2.888805227499999795e-01 2.909582999999999961e-02 6.737693000000000328e-03
7.000000000000000666e-02 2.379598000000000130e-02 6.625019000000000347e+01 2.962943327199999977e-01 3.013334999999999972e-02 7.178173000000000366e-03
7.099999999999999367e-02 2.407677999999999902e-02 6.719964000000000226e+01 3.039836853799999794e-01 3.119281000000000137e-02 7.640667999999999765e-03
7.199999999999999456e-02 2.435715000000000102e-02 6.814916999999999803e+01 3.119679993400000240e-01 3.227436999999999667e-02 8.125952000000000522e-03
7.299999999999999545e-02 2.463711000000000026e-02 6.909875999999999863e+01 3.202654186100000189e-01 3.337820999999999844e-02 8.634812999999999863e-03
7.399999999999999634e-02 2.491666999999999840e-02 7.004842999999999620e+01 3.288926171000000065e-01 3.450447999999999710e-02 9.168057000000000289e-03
7.499999999999999722e-02 2.519584000000000060e-02 7.099815999999999860e+01 3.378646195700000243e-01 3.565335000000000032e-02 9.726507000000000555e-03
7.599999999999999811e-02 2.547463999999999978e-02 7.194796999999999798e+01 3.471946564300000260e-01 3.682499999999999662e-02 1.031100000000000072e-02
7.699999999999999900e-02 2.575308000000000111e-02 7.289785000000000537e+01 3.568940421299999777e-01 3.801958999999999894e-02 1.092240000000000051e-02
7.799999999999999989e-02 2.603118999999999919e-02 7.384780999999999551e+01 3.669720832500000252e-01 3.923730999999999747e-02 1.156156000000000024e-02
7.900000000000000078e-02 2.630895999999999929e-02 7.479783999999999367e+01 3.774360189800000098e-01 4.047832999999999987e-02 1.222938999999999971e-02
8.000000000000000167e-02 2.658643000000000117e-02 7.574793999999999983e+01 3.882909926199999973e-01 4.174281999999999992e-02 1.292679000000000050e-02
8.100000000000000255e-02 2.686360999999999957e-02 7.669813000000000613e+01 3.995400532300000251e-01 4.303097000000000172e-02 1.365468000000000064e-02
8.200000000000000344e-02 2.714050999999999964e-02 7.764839000000000624e+01 4.111841878099999903e-01 4.434296000000000071e-02 1.441399999999999973e-02
8.300000000000000433e-02 2.741715000000000124e-02 7.859873000000000332e+01 4.232223877899999875e-01 4.567896999999999930e-02 1.520571000000000075e-02
8.400000000000000522e-02 2.769355000000000080e-02 7.954916000000000054e+01 4.356517402899999780e-01 4.703920000000000323e-02 1.603078999999999962e-02
8.500000000000000611e-02 2.796972000000000000e-02 8.049966000000000577e+01 4.484675496800000216e-01 4.842381999999999936e-02 1.689022000000000093e-02
8.599999999999999312e-02 2.824569000000000038e-02 8.145024999999999693e+01 4.616634832600000071e-01 4.983304000000000206e-02 1.778503000000000028e-02
8.699999999999999400e-02 2.852145999999999848e-02 8.240091999999999928e+01 4.752317430799999909e-01 5.126703999999999983e-02 1.871623000000000037e-02
8.799999999999999489e-02 2.879705999999999932e-02 8.335168000000000177e+01 4.891632551499999759e-01 5.272600999999999677e-02 1.968489000000000003e-02
8.899999999999999578e-02 2.907250000000000112e-02 8.430252000000000123e+01 5.034478796800000433e-01 5.421013999999999694e-02 2.069205000000000003e-02
8.999999999999999667e-02 2.934780000000000028e-02 8.525346000000000402e+01 5.180746352799999732e-01 5.571965000000000251e-02 2.173881999999999898e-02
9.099999999999999756e-02 2.962298000000000014e-02 8.620448000000000377e+01 5.330319323400000142e-01 5.725471000000000033e-02 2.282628000000000087e-02
9.199999999999999845e-02 2.989804000000000073e-02 8.715559000000000367e+01 5.483078204100000352e-01 5.881552999999999781e-02 2.395556000000000074e-02
9.299999999999999933e-02 3.017301000000000011e-02 8.810680000000000689e+01 5.638902349700000149e-01 6.040231000000000072e-02 2.512779999999999875e-02
9.400000000000000022e-02 3.044788999999999829e-02 8.905809999999999604e+01 5.797672442400000348e-01 6.201523999999999925e-02 2.634415000000000021e-02
9.500000000000000111e-02 3.072271000000000030e-02 9.000948999999999955e+01 5.959273008500000079e-01 6.365453000000000083e-02 2.760579999999999978e-02
9.600000000000000200e-02 3.099746999999999919e-02 9.096098000000000638e+01 6.123594781200000225e-01 6.532037999999999733e-02 2.891393999999999909e-02
9.700000000000000289e-02 3.127217999999999665e-02 9.191257000000000232e+01 6.290537037000000220e-01 6.701297000000000503e-02 3.026979000000000128e-02
9.800000000000000377e-02 3.154686999999999769e-02 9.286426000000000158e+01 6.460009753900000096e-01 6.873252000000000528e-02 3.167456999999999911e-02
9.900000000000000466e-02 3.182154000000000232e-02 9.381604000000000099e+01 6.631935627199999628e-01 7.047923000000000382e-02 3.312956000000000234e-02
1.000000000000000056e-01 3.209619999999999834e-02 9.476793000000000688e+01 6.806251926699999899e-01 7.225328000000000306e-02 3.463601000000000180e-02
1.010000000000000064e-01 3.237086000000000130e-02 9.571993000000000507e+01 6.982912027800000088e-01 7.405488999999999822e-02 3.619522000000000017e-02
1.019999999999999934e-01 3.264551999999999732e-02 9.667203000000000657e+01 7.161886868900000369e-01 7.588424000000000558e-02 3.780850000000000183e-02
1.029999999999999943e-01 3.292020999999999836e-02 9.762422999999999718e+01 7.343165973999999929e-01 7.774151999999999452e-02 3.947719999999999702e-02
1.039999999999999952e-01 3.319492000000000276e-02 9.857654999999999745e+01 7.526758331999999774e-01 7.962693999999999328e-02 4.120265000000000039e-02
1.049999999999999961e-01 3.346965999999999830e-02 9.952897000000000105e+01 7.712692864800000381e-01 8.154068999999999900e-02 4.298624999999999668e-02
1.059999999999999970e-01 3.374442999999999887e-02 1.004814999999999969e+02 7.901018758000000197e-01 8.348295000000000021e-02 4.482937000000000033e-02
1.069999999999999979e-01 3.401925000000000088e-02 1.014341000000000008e+02 8.091805321799999673e-01 8.545390999999999404e-02 4.673342999999999942e-02
1.079999999999999988e-01 3.429411000000000265e-02 1.023868999999999971e+02 8.285141609499999671e-01 8.745374999999999677e-02 4.869986999999999927e-02
1.089999999999999997e-01 3.456900999999999724e-02 1.033397999999999968e+02 8.481135826600000316e-01 8.948266000000000553e-02 5.073015000000000163e-02
1.100000000000000006e-01 3.484397000000000189e-02 1.042927999999999997e+02 8.679914318100000470e-01 9.154081000000000023e-02 5.282574000000000297e-02
1.110000000000000014e-01 3.511896999999999935e-02 1.052459000000000060e+02 8.881620343799999651e-01 9.362837999999999716e-02 5.498813000000000312e-02
1.120000000000000023e-01 3.539401999999999826e-02 1.061991000000000014e+02 9.086412621999999661e-01 9.574554999999999871e-02 5.721885000000000165e-02
1.130000000000000032e-01 3.566911999999999860e-02 1.071525000000000034e+02 9.294463589400000503e-01 9.789246000000000059e-02 5.951943999999999985e-02
1.140000000000000041e-01 3.594427000000000039e-02 1.081059999999999945e+02 9.505957455900000408e-01 1.000692999999999999e-01 6.189145000000000063e-02
1.150000000000000050e-01 3.621945000000000026e-02 1.090596000000000032e+02 9.721088112600000386e-01 1.022761999999999977e-01 6.433647000000000671e-02
1.160000000000000059e-01 3.649466999999999989e-02 1.100133000000000010e+02 9.940056828400000155e-01 1.045134000000000063e-01 6.685610999999999637e-02
1.170000000000000068e-01 3.676992999999999928e-02 1.109671000000000021e+02 1.016306987499999925e+00 1.067808999999999980e-01 6.945199000000000511e-02
1.179999999999999938e-01 3.704521000000000203e-02 1.119210999999999956e+02 1.039033602199999962e+00 1.090789000000000064e-01 7.212575000000000236e-02
1.189999999999999947e-01 3.732051000000000118e-02 1.128752999999999957e+02 1.062206405099999973e+00 1.114075999999999955e-01 7.487907000000000590e-02
1.199999999999999956e-01 3.759582000000000201e-02 1.138294999999999959e+02 1.085846010900000103e+00 1.137670999999999960e-01 7.771364000000000050e-02
1.209999999999999964e-01 3.787113000000000285e-02 1.147839000000000027e+02 1.109972525499999918e+00 1.161574999999999969e-01 8.063117999999999674e-02
1.219999999999999973e-01 3.814643999999999674e-02 1.157383999999999986e+02 1.134605295999999930e+00 1.185790000000000038e-01 8.363341000000000525e-02
1.229999999999999982e-01 3.842171999999999948e-02 1.166931000000000012e+02 1.159762670799999951e+00 1.210315000000000002e-01 8.672211000000000503e-02
1.239999999999999991e-01 3.869696999999999720e-02 1.176479000000000070e+02 1.185461770999999942e+00 1.235153999999999974e-01 8.989903999999999951e-02
1.250000000000000000e-01 3.897218000000000210e-02 1.186028000000000020e+02 1.211718283399999985e+00 1.260305999999999926e-01 9.316602999999999690e-02
1.260000000000000009e-01 3.924732999999999694e-02 1.195579000000000036e+02 1.238546264500000049e+00 1.285772000000000026e-01 9.652487999999999346e-02
1.270000000000000018e-01 3.952241000000000087e-02 1.205130999999999943e+02 1.265957978499999914e+00 1.311553000000000024e-01 9.997746000000000410e-02
1.280000000000000027e-01 3.979739999999999667e-02 1.214685000000000059e+02 1.293963735800000014e+00 1.337650999999999979e-01 1.035255999999999954e-01
1.290000000000000036e-01 4.007228000000000179e-02 1.224240000000000066e+02 1.322571783499999931e+00 1.364065000000000139e-01 1.071712999999999971e-01
1.300000000000000044e-01 4.034704000000000068e-02 1.233796999999999997e+02 1.351788205300000101e+00 1.390795999999999977e-01 1.109163999999999983e-01
1.310000000000000053e-01 4.062165999999999694e-02 1.243354999999999961e+02 1.381616862100000009e+00 1.417845000000000077e-01 1.147629000000000010e-01
1.320000000000000062e-01 4.089613000000000276e-02 1.252914999999999992e+02 1.412059349900000038e+00 1.445211999999999886e-01 1.187126000000000015e-01
1.330000000000000071e-01 4.117040999999999756e-02 1.262476000000000056e+02 1.443115001700000066e+00 1.472897999999999985e-01 1.227676999999999935e-01
1.340000000000000080e-01 4.144449000000000050e-02 1.272039000000000044e+02 1.474780907400000007e+00 1.500903000000000098e-01 1.269301999999999930e-01
1.350000000000000089e-01 4.171836000000000294e-02 1.281603000000000065e+02 1.507051967500000034e+00 1.529225999999999919e-01 1.312020000000000131e-01
1.360000000000000098e-01 4.199197999999999820e-02 1.291168999999999869e+02 1.539920989100000082e+00 1.557869000000000059e-01 1.355851999999999891e-01
1.370000000000000107e-01 4.226532999999999679e-02 1.300737000000000023e+02 1.573378779600000055e+00 1.586829999999999907e-01 1.400820000000000121e-01
1.380000000000000115e-01 4.253839999999999705e-02 1.310305999999999926e+02 1.607414302100000025e+00 1.616111000000000075e-01 1.446944000000000008e-01
1.390000000000000124e-01 4.281116000000000088e-02 1.319876999999999896e+02 1.642014826600000088e+00 1.645709999999999951e-01 1.494245999999999908e-01
1.400000000000000133e-01 4.308358000000000326e-02 1.329449999999999932e+02 1.677166120599999921e+00 1.675627000000000089e-01 1.542746999999999868e-01
1.409999999999999865e-01 4.335564000000000084e-02 1.339024000000000001e+02 1.712852650299999890e+00 1.705861999999999934e-01 1.592469999999999997e-01
1.419999999999999873e-01 4.362731000000000248e-02 1.348600000000000136e+02 1.749057802899999903e+00 1.736415000000000042e-01 1.643436000000000063e-01
1.429999999999999882e-01 4.389857999999999955e-02 1.358178000000000054e+02 1.785764116600000007e+00 1.767285000000000106e-01 1.695667999999999898e-01
1.439999999999999891e-01 4.416939999999999755e-02 1.367757000000000005e+02 1.822953534300000067e+00 1.798470000000000069e-01 1.749188999999999883e-01
1.449999999999999900e-01 4.443976000000000176e-02 1.377338000000000022e+02 1.860607640700000065e+00 1.829970999999999959e-01 1.804020000000000068e-01
1.459999999999999909e-01 4.470963000000000021e-02 1.386921000000000106e+02 1.898707923699999967e+00 1.861787000000000025e-01 1.860186000000000062e-01
1.469999999999999918e-01 4.497898000000000174e-02 1.396505999999999972e+02 1.937236030500000039e+00 1.893915999999999933e-01 1.917710999999999999e-01
1.479999999999999927e-01 4.524778000000000133e-02 1.406091999999999871e+02 1.976174004400000017e+00 1.926357999999999959e-01 1.976615999999999929e-01
1.489999999999999936e-01 4.551601000000000258e-02 1.415680000000000121e+02 2.015504535999999902e+00 1.959110000000000018e-01 2.036927000000000043e-01
1.499999999999999944e-01 4.578364000000000045e-02 1.425270999999999901e+02 2.055211193699999939e+00 1.992173000000000138e-01 2.098667999999999922e-01
1.509999999999999953e-01 4.605063000000000212e-02 1.434863000000000000e+02 2.095278629000000059e+00 2.025544999999999984e-01 2.161862999999999979e-01
1.519999999999999962e-01 4.631695999999999730e-02 1.444456000000000131e+02 2.135692782500000053e+00 2.059223000000000026e-01 2.226536000000000071e-01
1.529999999999999971e-01 4.658261000000000346e-02 1.454052000000000078e+02 2.176441053800000081e+00 2.093206999999999984e-01 2.292713999999999863e-01
1.539999999999999980e-01 4.684754000000000002e-02 1.463650000000000091e+02 2.217512462200000201e+00 2.127495000000000080e-01 2.360420000000000018e-01
1.549999999999999989e-01 4.711172000000000276e-02 1.473249999999999886e+02 2.258897771200000015e+00 2.162086000000000008e-01 2.429681999999999953e-01
1.559999999999999998e-01 4.737511999999999973e-02 1.482850999999999999e+02 2.300589588199999813e+00 2.196975999999999929e-01 2.500523000000000051e-01
1.570000000000000007e-01 4.763773000000000313e-02 1.492454999999999927e+02 2.342582437299999931e+00 2.232165999999999872e-01 2.572971000000000008e-01
1.580000000000000016e-01 4.789949000000000290e-02 1.502059999999999889e+02 2.384872800500000167e+00 2.267650999999999972e-01 2.647051000000000265e-01
1.590000000000000024e-01 4.816039999999999904e-02 1.511667999999999950e+02 2.427459137100000053e+00 2.303430999999999951e-01 2.722790999999999961e-01
1.600000000000000033e-01 4.842041999999999874e-02 1.521277000000000044e+02 2.470341852399999816e+00 2.339504000000000028e-01 2.800217999999999874e-01
1.610000000000000042e-01 4.867951999999999696e-02 1.530888999999999953e+02 2.513523258899999835e+00 2.375866000000000089e-01 2.879357000000000166e-01
1.620000000000000051e-01 4.893767000000000256e-02 1.540501999999999896e+02 2.557007492199999898e+00 2.412516000000000105e-01 2.960238000000000036e-01
1.630000000000000060e-01 4.919484999999999830e-02 1.550117999999999938e+02 2.600800401799999939e+00 2.449452000000000018e-01 3.042887000000000230e-01
1.640000000000000069e-01 4.945101999999999831e-02 1.559736000000000047e+02 2.644909423700000151e+00 2.486669999999999991e-01 3.127332999999999918e-01
1.650000000000000078e-01 4.970617000000000091e-02 1.569355999999999938e+02 2.689343416299999845e+00 2.524167999999999967e-01 3.213602999999999876e-01
1.660000000000000087e-01 4.996025999999999939e-02 1.578977999999999895e+02 2.734112477600000091e+00 2.561943999999999888e-01 3.301726999999999856e-01
1.670000000000000095e-01 5.021326000000000261e-02 1.588601999999999919e+02 2.779227748699999889e+00 2.599995999999999974e-01 3.391734000000000138e-01
1.680000000000000104e-01 5.046515000000000029e-02 1.598229000000000042e+02 2.824701199200000179e+00 2.638319000000000081e-01 3.483651999999999860e-01
1.690000000000000113e-01 5.071591000000000293e-02 1.607856999999999914e+02 2.870545384300000169e+00 2.676912000000000180e-01 3.577510999999999886e-01
1.700000000000000122e-01 5.096550999999999859e-02 1.617487999999999886e+02 2.916773227100000199e+00 2.715772000000000186e-01 3.673339999999999939e-01
1.710000000000000131e-01 5.121392000000000305e-02 1.627120999999999924e+02 2.963397749299999884e+00 2.754894999999999983e-01 3.771169999999999800e-01
1.719999999999999862e-01 5.146110999999999741e-02 1.636757000000000062e+02 3.010431848500000118e+00 2.794279000000000068e-01 3.871031999999999806e-01
1.729999999999999871e-01 5.170707000000000081e-02 1.646393999999999949e+02 3.057888041400000034e+00 2.833921999999999830e-01 3.972955000000000236e-01
1.739999999999999880e-01 5.195178000000000296e-02 1.656033999999999935e+02 3.105778227400000091e+00 2.873819000000000234e-01 4.076969999999999761e-01
1.749999999999999889e-01 5.219519999999999715e-02 1.665675999999999988e+02 3.154113475299999969e+00 2.913967000000000085e-01 4.183108999999999855e-01
1.759999999999999898e-01 5.243732000000000254e-02 1.675321000000000140e+02 3.202903796599999797e+00 2.954364999999999908e-01 4.291403999999999774e-01
1.769999999999999907e-01 5.267811000000000021e-02 1.684968000000000075e+02 3.252157969100000212e+00 2.995007000000000086e-01 4.401885999999999854e-01
1.779999999999999916e-01 5.291756000000000237e-02 1.694617000000000075e+02 3.301883349900000209e+00 3.035893000000000064e-01 4.514586999999999906e-01
1.789999999999999925e-01 5.315563999999999706e-02 1.704268999999999892e+02 3.352085749200000020e+00 3.077017000000000224e-01 4.629539999999999766e-01
1.799999999999999933e-01 5.339234000000000341e-02 1.713923000000000059e+02 3.402769298599999992e+00 3.118376999999999954e-01 4.746776999999999802e-01
1.809999999999999942e-01 5.362763000000000252e-02 1.723579000000000008e+02 3.453936364900000111e+00 3.159970999999999752e-01 4.866330999999999851e-01
1.819999999999999951e-01 5.386149999999999965e-02 1.733238000000000056e+02 3.505587505099999834e+00 3.201793000000000000e-01 4.988236999999999810e-01
1.829999999999999960e-01 5.409392999999999840e-02 1.742898999999999887e+02 3.557721438100000189e+00 3.243842000000000114e-01 5.112527000000000044e-01
1.839999999999999969e-01 5.432490999999999709e-02 1.752563000000000102e+02 3.610335055799999804e+00 3.286113999999999979e-01 5.239234999999999864e-01
1.849999999999999978e-01 5.455440999999999763e-02 1.762229000000000099e+02 3.663423483099999878e+00 3.328606000000000065e-01 5.368397000000000308e-01
1.859999999999999987e-01 5.478243000000000001e-02 1.771897999999999911e+02 3.716980147600000173e+00 3.371314999999999729e-01 5.500045000000000073e-01
1.869999999999999996e-01 5.500895000000000090e-02 1.781570000000000107e+02 3.770996914599999972e+00 3.414236999999999966e-01 5.634217000000000253e-01
1.880000000000000004e-01 5.523395999999999861e-02 1.791244000000000085e+02 3.825464217299999969e+00 3.457369000000000137e-01 5.770944999999999547e-01
1.890000000000000013e-01 5.545743999999999674e-02 1.800920000000000130e+02 3.880371267800000190e+00 3.500709000000000182e-01 5.910267000000000159e-01
1.900000000000000022e-01 5.567939000000000221e-02 1.810598999999999990e+02 3.935706244399999942e+00 3.544251999999999958e-01 6.052218000000000320e-01
1.910000000000000031e-01 5.589978999999999781e-02 1.820280999999999949e+02 3.991456538200000015e+00 3.587995999999999963e-01 6.196833999999999953e-01
1.920000000000000040e-01 5.611863999999999741e-02 1.829964999999999975e+02 4.047609022599999662e+00 3.631937000000000082e-01 6.344153000000000153e-01
1.930000000000000049e-01 5.633591999999999766e-02 1.839652000000000100e+02 4.104150315400000082e+00 3.676073999999999731e-01 6.494208999999999676e-01
1.940000000000000058e-01 5.655162999999999857e-02 1.849341000000000008e+02 4.161067094599999905e+00 3.720400999999999847e-01 6.647041999999999673e-01
1.950000000000000067e-01 5.676575999999999844e-02 1.859033000000000015e+02 4.218346389499999738e+00 3.764917999999999876e-01 6.802688999999999542e-01
1.960000000000000075e-01 5.697830999999999729e-02 1.868728000000000122e+02 4.275975880099999848e+00 3.809619000000000200e-01 6.961186999999999792e-01
1.970000000000000084e-01 5.718927000000000038e-02 1.878426000000000045e+02 4.333944238099999957e+00 3.854504000000000263e-01 7.122574000000000405e-01
1.980000000000000093e-01 5.739864000000000077e-02 1.888126000000000033e+02 4.392241390799999756e+00 3.899567999999999923e-01 7.286890000000000311e-01
1.990000000000000102e-01 5.760641999999999846e-02 1.897829000000000121e+02 4.450858851599999610e+00 3.944810000000000261e-01 7.454172000000000020e-01
2.000000000000000111e-01 5.781258999999999704e-02 1.907535000000000025e+02 4.509789976899999608e+00 3.990226000000000051e-01 7.624461000000000155e-01
2.010000000000000120e-01 5.801716999999999985e-02 1.917242999999999995e+02 4.569030216899999886e+00 4.035812999999999762e-01 7.797796000000000172e-01
2.020000000000000129e-01 5.822014999999999829e-02 1.926954000000000065e+02 4.628577354799999988e+00 4.081569999999999920e-01 7.974215999999999527e-01
2.030000000000000138e-01 5.842154000000000097e-02 1.936667999999999950e+02 4.688431708799999598e+00 4.127492999999999856e-01 8.153763000000000538e-01
2.039999999999999869e-01 5.862132999999999927e-02 1.946384999999999934e+02 4.748596263299999620e+00 4.173580000000000068e-01 8.336476000000000441e-01
2.049999999999999878e-01 5.881953000000000181e-02 1.956103999999999985e+02 4.809076819400000424e+00 4.219828999999999941e-01 8.522397000000000444e-01
2.059999999999999887e-01 5.901614000000000165e-02 1.965826000000000136e+02 4.869882042599999572e+00 4.266237999999999975e-01 8.711565999999999477e-01
2.069999999999999896e-01 5.921115999999999879e-02 1.975551000000000101e+02 4.931023502100000400e+00 4.312803000000000053e-01 8.904026000000000440e-01
2.079999999999999905e-01 5.940460999999999658e-02 1.985278999999999883e+02 4.992515625600000284e+00 4.359524000000000177e-01 9.099819000000000102e-01
2.089999999999999913e-01 5.959649000000000196e-02 1.995010000000000048e+02 5.054375642700000171e+00 4.406398000000000259e-01 9.298986999999999670e-01
2.099999999999999922e-01 5.978680000000000105e-02 2.004742999999999995e+02 5.116623403900000255e+00 4.453423000000000243e-01 9.501572000000000351e-01
2.109999999999999931e-01 5.997555999999999721e-02 2.014479000000000042e+02 5.179281236399999599e+00 4.500598000000000098e-01 9.707618999999999554e-01
2.119999999999999940e-01 6.016276999999999736e-02 2.024217999999999904e+02 5.242373644999999804e+00 4.547919999999999741e-01 9.917169000000000123e-01
2.129999999999999949e-01 6.034844999999999793e-02 2.033959999999999866e+02 5.305927034899999839e+00 4.595388000000000250e-01 1.013026999999999900e+00
2.139999999999999958e-01 6.053259999999999891e-02 2.043704999999999927e+02 5.369969321800000195e+00 4.642999999999999905e-01 1.034696000000000060e+00
2.149999999999999967e-01 6.071523000000000198e-02 2.053453000000000088e+02 5.434529546600000316e+00 4.690755999999999815e-01 1.056729000000000029e+00
2.159999999999999976e-01 6.089636999999999828e-02 2.063203000000000031e+02 5.499637386799999916e+00 4.738652999999999893e-01 1.079129000000000005e+00
2.169999999999999984e-01 6.107602000000000170e-02 2.072957000000000107e+02 5.565322637799999583e+00 4.786690000000000111e-01 1.101903000000000077e+00
2.179999999999999993e-01 6.125419000000000003e-02 2.082712999999999965e+02 5.631614692300000335e+00 4.834866999999999915e-01 1.125053999999999998e+00
2.190000000000000002e-01 6.143090999999999829e-02 2.092471999999999923e+02 5.698541921700000401e+00 4.883180999999999772e-01 1.148587000000000025e+00
2.200000000000000011e-01 6.160618999999999817e-02 2.102233999999999980e+02 5.766131084000000406e+00 4.931633999999999740e-01 1.172506000000000048e+00
2.210000000000000020e-01 6.178004000000000134e-02 2.111999000000000137e+02 5.834406661000000049e+00 4.980222000000000260e-01 1.196816000000000102e+00
2.220000000000000029e-01 6.195247999999999727e-02 2.121766000000000076e+02 5.903390224299999822e+00 5.028947000000000278e-01 1.221522999999999914e+00
2.230000000000000038e-01 6.212353000000000319e-02 2.131536999999999864e+02 5.973099762900000442e+00 5.077806999999999737e-01 1.246629999999999905e+00
2.240000000000000047e-01 6.229321000000000164e-02 2.141310000000000002e+02 6.043549035199999864e+00 5.126802000000000303e-01 1.272142000000000106e+00
2.250000000000000056e-01 6.246154000000000289e-02 2.151086999999999989e+02 6.114746922200000157e+00 5.175931000000000282e-01 1.298065000000000024e+00
2.260000000000000064e-01 6.262853000000000170e-02 2.160866000000000042e+02 6.186696776399999820e+00 5.225195000000000256e-01 1.324402999999999997e+00
2.270000000000000073e-01 6.279421000000000308e-02 2.170647999999999911e+02 6.259395847200000418e+00 5.274592999999999643e-01 1.351161000000000056e+00
2.280000000000000082e-01 6.295860999999999819e-02 2.180432000000000130e+02 6.332834712000000366e+00 5.324124999999999552e-01 1.378344000000000014e+00
2.290000000000000091e-01 6.312173000000000089e-02 2.190219999999999914e+02 6.406996751000000323e+00 5.373791999999999458e-01 1.405956999999999901e+00
2.300000000000000100e-01 6.328361000000000403e-02 2.200010000000000048e+02 6.481857715800000364e+00 5.423592999999999886e-01 1.434004999999999974e+00
2.310000000000000109e-01 6.344426000000000232e-02 2.209804000000000030e+02 6.557385293700000339e+00 5.473529000000000311e-01 1.462493000000000043e+00
2.320000000000000118e-01 6.360370999999999386e-02 2.219600000000000080e+02 6.633538821800000207e+00 5.523601000000000205e-01 1.491427000000000058e+00
2.330000000000000127e-01 6.376199000000000450e-02 2.229397999999999911e+02 6.710269037699999828e+00 5.573808999999999569e-01 1.520810999999999913e+00
2.340000000000000135e-01 6.391911000000000120e-02 2.239199999999999875e+02 6.787517914500000416e+00 5.624154000000000098e-01 1.550650000000000084e+00
2.349999999999999867e-01 6.407511000000000456e-02 2.249003999999999905e+02 6.865218623599999681e+00 5.674637000000000153e-01 1.580950000000000077e+00
2.359999999999999876e-01 6.422999999999999543e-02 2.258812000000000069e+02 6.943295546299999899e+00 5.725257999999999736e-01 1.611715999999999926e+00
2.369999999999999885e-01 6.438381999999999439e-02 2.268620999999999981e+02 7.021664452999999639e+00 5.776019000000000014e-01 1.642954000000000025e+00
2.379999999999999893e-01 6.453657999999999617e-02 2.278434000000000026e+02 7.100232718300000023e+00 5.826919999999999877e-01 1.674668000000000045e+00
2.389999999999999902e-01 6.468831999999999360e-02 2.288249000000000137e+02 7.178899709599999568e+00 5.877963999999999967e-01 1.706865000000000077e+00
2.399999999999999911e-01 6.483906000000000391e-02 2.298067000000000064e+02 7.257557257200000222e+00 5.929151999999999756e-01 1.739549000000000012e+00
