# # n,  X, eps, P, P_e, P_std
1.000000000000000021e-02 1.041580999999999931e-02 9.425506999999999636e+00 1.856793511499999980e-02 7.476882000000000016e-04 6.766927000000000068e-06
1.099999999999999936e-02 1.032062000000000083e-02 1.036918000000000006e+01 2.111282579500000159e-02 8.386908999999999901e-04 9.923320999999999447e-06
1.200000000000000025e-02 1.028244000000000033e-02 1.131301999999999985e+01 2.363989065499999889e-02 9.372325999999999617e-04 1.407625999999999997e-05
1.299999999999999940e-02 1.028918000000000020e-02 1.225703999999999994e+01 2.614168563499999834e-02 1.043716999999999995e-03 1.941759999999999854e-05
1.400000000000000029e-02 1.033212000000000019e-02 1.320123000000000069e+01 2.861699269499999934e-02 1.158544999999999974e-03 2.615645999999999995e-05
1.499999999999999944e-02 1.040480000000000051e-02 1.414559000000000033e+01 3.106988692000000121e-02 1.282120000000000091e-03 3.451941000000000091e-05
1.600000000000000033e-02 1.050236000000000051e-02 1.509010999999999925e+01 3.350883266699999918e-02 1.414846999999999893e-03 4.475048000000000323e-05
1.700000000000000122e-02 1.062101000000000017e-02 1.603479000000000099e+01 3.594582009700000164e-02 1.557128999999999978e-03 5.711127000000000114e-05
1.799999999999999864e-02 1.075779999999999965e-02 1.697963000000000022e+01 3.839555114800000113e-02 1.709374000000000050e-03 7.188103000000000049e-05
1.899999999999999953e-02 1.091035999999999916e-02 1.792462000000000089e+01 4.087468054400000134e-02 1.871990999999999933e-03 8.935677000000000268e-05
2.000000000000000042e-02 1.107679999999999949e-02 1.886975999999999942e+01 4.340111616100000153e-02 2.045389999999999795e-03 1.098533000000000007e-04
2.100000000000000130e-02 1.125553999999999964e-02 1.981504999999999939e+01 4.599338148599999704e-02 2.229983000000000052e-03 1.337033999999999911e-04
2.199999999999999872e-02 1.144529000000000032e-02 2.076048000000000116e+01 4.867004171799999696e-02 2.426181999999999818e-03 1.612577000000000129e-04
2.299999999999999961e-02 1.164496999999999928e-02 2.170606000000000080e+01 5.144919365100000114e-02 2.634401000000000190e-03 1.928850000000000074e-04
2.400000000000000050e-02 1.185365000000000030e-02 2.265176999999999907e+01 5.434802002300000157e-02 2.855053000000000191e-03 2.289722999999999965e-04
2.500000000000000139e-02 1.207053999999999939e-02 2.359760999999999953e+01 5.738240743600000332e-02 3.088552000000000051e-03 2.699247000000000213e-04
2.599999999999999881e-02 1.229497000000000055e-02 2.454358999999999824e+01 6.056662633499999837e-02 3.335311999999999999e-03 3.161657000000000009e-04
2.699999999999999969e-02 1.252636000000000027e-02 2.548969999999999914e+01 6.391307331699999650e-02 3.595744000000000110e-03 3.681371000000000231e-04
2.800000000000000058e-02 1.276417000000000003e-02 2.643592999999999904e+01 6.743207139699999852e-02 3.870262000000000181e-03 4.262992000000000062e-04
2.900000000000000147e-02 1.300795000000000076e-02 2.738229000000000113e+01 7.113172933599999637e-02 4.159274999999999604e-03 4.911310000000000111e-04
2.999999999999999889e-02 1.325729999999999964e-02 2.832876999999999867e+01 7.501785492800000510e-02 4.463192000000000374e-03 5.631298999999999767e-04
3.099999999999999978e-02 1.351185000000000060e-02 2.927535999999999916e+01 7.909392093000000568e-02 4.782419999999999900e-03 6.428119999999999841e-04
3.200000000000000067e-02 1.377127000000000039e-02 3.022206999999999866e+01 8.336108095600000545e-02 5.117362000000000299e-03 7.307124999999999601e-04
3.300000000000000155e-02 1.403526000000000079e-02 3.116889000000000109e+01 8.781823019100000460e-02 5.468419999999999878e-03 8.273850000000000345e-04
3.400000000000000244e-02 1.430354999999999994e-02 3.211581999999999937e+01 9.246210960900000386e-02 5.835991999999999916e-03 9.334023999999999793e-04
3.500000000000000333e-02 1.457588999999999933e-02 3.306286000000000058e+01 9.728744769199999809e-02 6.220472999999999801e-03 1.049356999999999894e-03
3.599999999999999728e-02 1.485205000000000032e-02 3.400999999999999801e+01 1.022871365700000063e-01 6.622252999999999820e-03 1.175857999999999895e-03
3.699999999999999817e-02 1.513181000000000075e-02 3.495725000000000193e+01 1.074524382500000041e-01 7.041719999999999577e-03 1.313537000000000038e-03
3.799999999999999906e-02 1.541497000000000006e-02 3.590458999999999889e+01 1.127732145099999972e-01 7.479256000000000099e-03 1.463043000000000026e-03
3.899999999999999994e-02 1.570134999999999934e-02 3.685202999999999918e+01 1.182381789499999947e-01 7.935239000000000181e-03 1.625045000000000092e-03
4.000000000000000083e-02 1.599077000000000137e-02 3.779957000000000278e+01 1.238351622400000046e-01 8.410041999999999518e-03 1.800230000000000103e-03
4.100000000000000172e-02 1.628305999999999851e-02 3.874719999999999942e+01 1.295513893599999911e-01 8.904031999999999225e-03 1.989306000000000147e-03
4.200000000000000261e-02 1.657807000000000031e-02 3.969492000000000331e+01 1.353737618199999937e-01 9.417572000000000790e-03 2.193000000000000071e-03
4.299999999999999656e-02 1.687564000000000078e-02 4.064273000000000025e+01 1.412891391699999943e-01 9.951019000000000184e-03 2.412057999999999910e-03
4.399999999999999745e-02 1.717565000000000064e-02 4.159062999999999732e+01 1.472846189099999981e-01 1.050472000000000038e-02 2.647248000000000049e-03
4.499999999999999833e-02 1.747794999999999904e-02 4.253860999999999848e+01 1.533478050800000103e-01 1.107903000000000013e-02 2.899355000000000161e-03
4.599999999999999922e-02 1.778240000000000029e-02 4.348666999999999661e+01 1.594670665100000051e-01 1.167427000000000048e-02 3.169183999999999803e-03
4.700000000000000011e-02 1.808890000000000151e-02 4.443482000000000198e+01 1.656317760300000108e-01 1.229078999999999935e-02 3.457564000000000210e-03
4.800000000000000100e-02 1.839732000000000173e-02 4.538304999999999723e+01 1.718325307499999899e-01 1.292890000000000011e-02 3.765338000000000018e-03
4.900000000000000189e-02 1.870754000000000167e-02 4.633135000000000048e+01 1.780613483200000069e-01 1.358892000000000086e-02 4.093374000000000318e-03
5.000000000000000278e-02 1.901945999999999845e-02 4.727973000000000070e+01 1.843118379600000023e-01 1.427116999999999969e-02 4.442556999999999756e-03
5.099999999999999672e-02 1.933297000000000140e-02 4.822818999999999789e+01 1.905793405700000054e-01 1.497595000000000003e-02 4.813795000000000053e-03
5.199999999999999761e-02 1.964795999999999904e-02 4.917670999999999992e+01 1.968610414199999936e-01 1.570355000000000015e-02 5.208013000000000052e-03
5.299999999999999850e-02 1.996432999999999888e-02 5.012532000000000210e+01 2.031560503000000018e-01 1.645425999999999833e-02 5.626159000000000368e-03
5.399999999999999939e-02 2.028200000000000142e-02 5.107399000000000200e+01 2.094654481300000093e-01 1.722836999999999980e-02 6.069200999999999763e-03
5.500000000000000028e-02 2.060085000000000041e-02 5.202273000000000280e+01 2.157923032300000099e-01 1.802613999999999952e-02 6.538127999999999822e-03
5.600000000000000117e-02 2.092081999999999969e-02 5.297153999999999741e+01 2.221416554600000037e-01 1.884784000000000112e-02 7.033946999999999596e-03
5.700000000000000205e-02 2.124180000000000165e-02 5.392042000000000002e+01 2.285204675999999990e-01 1.969374000000000124e-02 7.557689000000000247e-03
5.800000000000000294e-02 2.156370999999999982e-02 5.486937000000000353e+01 2.349375486399999935e-01 2.056407000000000027e-02 8.110403999999999877e-03
5.899999999999999689e-02 2.188645999999999994e-02 5.581837999999999766e+01 2.414034472200000114e-01 2.145909000000000011e-02 8.693163000000000279e-03
5.999999999999999778e-02 2.220998000000000069e-02 5.676745999999999981e+01 2.479303193100000080e-01 2.237901999999999947e-02 9.307058999999999471e-03
6.099999999999999867e-02 2.253418999999999908e-02 5.771659999999999968e+01 2.545317752799999833e-01 2.332408000000000051e-02 9.953204999999999691e-03
6.199999999999999956e-02 2.285900999999999905e-02 5.866581000000000046e+01 2.612227008199999867e-01 2.429450999999999833e-02 1.063273999999999990e-02
6.300000000000000044e-02 2.318436000000000108e-02 5.961507999999999896e+01 2.680190647499999801e-01 2.529050000000000048e-02 1.134681000000000058e-02
6.400000000000000133e-02 2.351017999999999858e-02 6.056441999999999837e+01 2.749377093200000011e-01 2.631226000000000051e-02 1.209659000000000081e-02
6.500000000000000222e-02 2.383638999999999897e-02 6.151380999999999943e+01 2.819961345499999994e-01 2.735997999999999902e-02 1.288330000000000031e-02
6.600000000000000311e-02 2.416292000000000093e-02 6.246327000000000140e+01 2.892122651099999775e-01 2.843385000000000010e-02 1.370813000000000066e-02
6.700000000000000400e-02 2.448971000000000134e-02 6.341279000000000110e+01 2.966042264000000039e-01 2.953404000000000099e-02 1.457233999999999960e-02
6.800000000000000488e-02 2.481668000000000068e-02 6.436238000000000170e+01 3.041901098900000044e-01 3.066071000000000074e-02 1.547719999999999999e-02
6.900000000000000577e-02 2.514378999999999920e-02 6.531202000000000396e+01 3.119877449199999764e-01 3.181404000000000176e-02 1.642396999999999954e-02
7.000000000000000666e-02 2.547094999999999915e-02 6.626173000000000002e+01 3.200144803900000223e-01 3.299416000000000154e-02 1.741397000000000084e-02
7.099999999999999367e-02 2.579812999999999898e-02 6.721150000000000091e+01 3.282869722899999787e-01 3.420124000000000081e-02 1.844853000000000118e-02
7.199999999999999456e-02 2.612524000000000096e-02 6.816133000000000663e+01 3.368209841600000032e-01 3.543538999999999717e-02 1.952900000000000122e-02
7.299999999999999545e-02 2.645223999999999839e-02 6.911123000000000616e+01 3.456312083799999990e-01 3.669676000000000188e-02 2.065673999999999982e-02
7.399999999999999634e-02 2.677908000000000024e-02 7.006118999999999630e+01 3.547310990099999950e-01 3.798544999999999700e-02 2.183316000000000076e-02
7.499999999999999722e-02 2.710569000000000173e-02 7.101121000000000549e+01 3.641327295699999800e-01 3.930158999999999736e-02 2.305967000000000086e-02
7.599999999999999811e-02 2.743202999999999961e-02 7.196129000000000531e+01 3.738466753699999923e-01 4.064527999999999891e-02 2.433770000000000031e-02
7.699999999999999900e-02 2.775802999999999951e-02 7.291143999999999892e+01 3.838819120199999935e-01 4.201661000000000284e-02 2.566871999999999904e-02
7.799999999999999989e-02 2.808365999999999987e-02 7.386166000000000054e+01 3.942457506300000025e-01 4.341567999999999816e-02 2.705422000000000035e-02
7.900000000000000078e-02 2.840886999999999926e-02 7.481194000000000699e+01 4.049437895499999884e-01 4.484255999999999659e-02 2.849569000000000060e-02
8.000000000000000167e-02 2.873360000000000150e-02 7.576228000000000407e+01 4.159798981200000245e-01 4.629732999999999765e-02 2.999465999999999938e-02
8.100000000000000255e-02 2.905780000000000168e-02 7.671269999999999811e+01 4.273562292799999995e-01 4.778005999999999920e-02 3.155269000000000129e-02
8.200000000000000344e-02 2.938144999999999993e-02 7.766317999999999699e+01 4.390732514399999786e-01 4.929080000000000267e-02 3.317135000000000222e-02
8.300000000000000433e-02 2.970447999999999839e-02 7.861373000000000388e+01 4.511298162699999836e-01 5.082961999999999897e-02 3.485222999999999793e-02
8.400000000000000522e-02 3.002685999999999897e-02 7.956434000000000140e+01 4.635232395500000213e-01 5.239653999999999839e-02 3.659695000000000309e-02
8.500000000000000611e-02 3.034854000000000024e-02 8.051502999999999588e+01 4.762494213399999787e-01 5.399161999999999711e-02 3.840716999999999742e-02
8.599999999999999312e-02 3.066949999999999885e-02 8.146580000000000155e+01 4.893029705499999937e-01 5.561487999999999848e-02 4.028452999999999895e-02
8.699999999999999400e-02 3.098967999999999862e-02 8.241662999999999784e+01 5.026773674300000216e-01 5.726633999999999891e-02 4.223074000000000272e-02
8.799999999999999489e-02 3.130904000000000326e-02 8.336754000000000531e+01 5.163651271800000497e-01 5.894603000000000342e-02 4.424749000000000043e-02
8.899999999999999578e-02 3.162755999999999901e-02 8.431852000000000658e+01 5.303579899200000503e-01 6.065395999999999982e-02 4.633653000000000077e-02
8.999999999999999667e-02 3.194518999999999831e-02 8.526958000000000482e+01 5.446471213800000433e-01 6.239012000000000030e-02 4.849962000000000023e-02
9.099999999999999756e-02 3.226190999999999781e-02 8.622072000000000003e+01 5.592233153000000234e-01 6.415450999999999793e-02 5.073852999999999697e-02
9.199999999999999845e-02 3.257767000000000301e-02 8.717194000000000642e+01 5.740772152099999914e-01 6.594713000000000658e-02 5.305507999999999752e-02
9.299999999999999933e-02 3.289244000000000195e-02 8.812323999999999558e+01 5.891995259100000215e-01 6.776796000000000209e-02 5.545107999999999981e-02
9.400000000000000022e-02 3.320618999999999654e-02 8.907462999999999909e+01 6.045812333800000271e-01 6.961697000000000024e-02 5.792839999999999795e-02
9.500000000000000111e-02 3.351889999999999731e-02 9.002609999999999957e+01 6.202138264300000037e-01 7.149415000000000631e-02 6.048890999999999990e-02
9.600000000000000200e-02 3.383052000000000281e-02 9.097764999999999702e+01 6.360894888100000477e-01 7.339943999999999635e-02 6.313451000000000479e-02
9.700000000000000289e-02 3.414103000000000276e-02 9.192928999999999462e+01 6.522013170899999546e-01 7.533281000000000005e-02 6.586712999999999596e-02
9.800000000000000377e-02 3.445039999999999908e-02 9.288102000000000658e+01 6.685434833300000212e-01 7.729421999999999682e-02 6.868871000000000004e-02
9.900000000000000466e-02 3.475860000000000061e-02 9.383284999999999343e+01 6.851114313999999705e-01 7.928361000000000436e-02 7.160123000000000182e-02
1.000000000000000056e-01 3.506560999999999706e-02 9.478476000000000568e+01 7.019020071899999547e-01 8.130091999999999874e-02 7.460667999999999467e-02
1.010000000000000064e-01 3.537139999999999729e-02 9.573677000000000703e+01 7.189136001500000539e-01 8.334608999999999768e-02 7.770709000000000644e-02
1.019999999999999934e-01 3.567594000000000320e-02 9.668887999999999749e+01 7.361462506899999481e-01 8.541904000000000163e-02 8.090450000000000419e-02
1.029999999999999943e-01 3.597920000000000285e-02 9.764109000000000549e+01 7.536017342499999883e-01 8.751968999999999721e-02 8.420099000000000333e-02
1.039999999999999952e-01 3.628117000000000147e-02 9.859340000000000259e+01 7.712836181100000132e-01 8.964796999999999350e-02 8.759864000000000539e-02
1.049999999999999961e-01 3.658183000000000268e-02 9.954581000000000301e+01 7.891973008199999473e-01 9.180378999999999623e-02 9.109957000000000471e-02
1.059999999999999970e-01 3.688112999999999808e-02 1.004983000000000004e+02 8.073500058900000553e-01 9.398705000000000254e-02 9.470594999999999708e-02
1.069999999999999979e-01 3.717907000000000156e-02 1.014509999999999934e+02 8.257507672599999626e-01 9.619764000000000093e-02 9.841991999999999408e-02
1.079999999999999988e-01 3.747562000000000115e-02 1.024037000000000006e+02 8.444103705800000137e-01 9.843548000000000575e-02 1.022437000000000068e-01
1.089999999999999997e-01 3.777077000000000212e-02 1.033564999999999969e+02 8.633412882700000068e-01 1.007003999999999955e-01 1.061794999999999961e-01
1.100000000000000006e-01 3.806447999999999776e-02 1.043094999999999999e+02 8.825575640199999627e-01 1.029923999999999978e-01 1.102294999999999942e-01
1.110000000000000014e-01 3.835674000000000028e-02 1.052626000000000062e+02 9.020746875099999729e-01 1.053111999999999937e-01 1.143961000000000006e-01
1.120000000000000023e-01 3.864752999999999938e-02 1.062158000000000015e+02 9.219094489800000458e-01 1.076568999999999998e-01 1.186814999999999953e-01
1.130000000000000032e-01 3.893682999999999866e-02 1.071691000000000003e+02 9.420797614500000527e-01 1.100291000000000047e-01 1.230881000000000058e-01
1.140000000000000041e-01 3.922462000000000171e-02 1.081225000000000023e+02 9.626044761299999974e-01 1.124277999999999944e-01 1.276181000000000121e-01
1.150000000000000050e-01 3.951087999999999822e-02 1.090760999999999967e+02 9.835031723599999554e-01 1.148528000000000049e-01 1.322740000000000027e-01
1.160000000000000059e-01 3.979560000000000042e-02 1.100297999999999945e+02 1.004795938900000074e+00 1.173040999999999945e-01 1.370581999999999911e-01
1.170000000000000068e-01 4.007875000000000326e-02 1.109835999999999956e+02 1.026503149200000076e+00 1.197813999999999962e-01 1.419730999999999910e-01
1.179999999999999938e-01 4.036031999999999814e-02 1.119376000000000033e+02 1.048645231899999919e+00 1.222845000000000043e-01 1.470210999999999879e-01
1.189999999999999947e-01 4.064029000000000252e-02 1.128917000000000002e+02 1.071242419100000065e+00 1.248134000000000049e-01 1.522046999999999983e-01
1.199999999999999956e-01 4.091863999999999918e-02 1.138459000000000003e+02 1.094314524599999894e+00 1.273678000000000032e-01 1.575264000000000109e-01
1.209999999999999964e-01 4.119537000000000199e-02 1.148002999999999929e+02 1.117880697299999948e+00 1.299474999999999936e-01 1.629887999999999892e-01
1.219999999999999973e-01 4.147043999999999730e-02 1.157548000000000030e+02 1.141959212599999995e+00 1.325524999999999898e-01 1.685944000000000054e-01
1.229999999999999982e-01 4.174386000000000069e-02 1.167095000000000056e+02 1.166567240900000080e+00 1.351824000000000081e-01 1.743457999999999952e-01
1.239999999999999991e-01 4.201558999999999849e-02 1.176642999999999972e+02 1.191720644899999959e+00 1.378370999999999902e-01 1.802455000000000029e-01
1.250000000000000000e-01 4.228562000000000293e-02 1.186192000000000064e+02 1.217433811999999893e+00 1.405164000000000135e-01 1.862962999999999980e-01
1.260000000000000009e-01 4.255395000000000011e-02 1.195743999999999971e+02 1.243719470200000066e+00 1.432200999999999891e-01 1.925006999999999968e-01
1.270000000000000018e-01 4.282054999999999889e-02 1.205296000000000021e+02 1.270588548699999931e+00 1.459479999999999944e-01 1.988614999999999966e-01
1.280000000000000027e-01 4.308541999999999927e-02 1.214851000000000028e+02 1.298050062499999990e+00 1.486998999999999960e-01 2.053813999999999917e-01
1.290000000000000036e-01 4.334852000000000150e-02 1.224407000000000068e+02 1.326111006299999895e+00 1.514755000000000129e-01 2.120632000000000073e-01
1.300000000000000044e-01 4.360986000000000029e-02 1.233963999999999999e+02 1.354776301200000033e+00 1.542746999999999868e-01 2.189095000000000069e-01
1.310000000000000053e-01 4.386941999999999925e-02 1.243524000000000029e+02 1.384048739100000036e+00 1.570970999999999895e-01 2.259231999999999907e-01
1.320000000000000062e-01 4.412718000000000196e-02 1.253084999999999951e+02 1.413928975199999938e+00 1.599425999999999903e-01 2.331071000000000115e-01
1.330000000000000071e-01 4.438311999999999813e-02 1.262647999999999939e+02 1.444415558200000005e+00 1.628109000000000084e-01 2.404640999999999862e-01
1.340000000000000080e-01 4.463724000000000164e-02 1.272211999999999961e+02 1.475504960000000088e+00 1.657018000000000102e-01 2.479969999999999952e-01
1.350000000000000089e-01 4.488952999999999693e-02 1.281778999999999940e+02 1.507191661100000024e+00 1.686149000000000120e-01 2.557088000000000139e-01
1.360000000000000098e-01 4.513995999999999981e-02 1.291347000000000094e+02 1.539468252200000054e+00 1.715502000000000138e-01 2.636024000000000145e-01
1.370000000000000107e-01 4.538852000000000164e-02 1.300917000000000030e+02 1.572325561500000024e+00 1.745072000000000012e-01 2.716805999999999943e-01
1.380000000000000115e-01 4.563521000000000244e-02 1.310489000000000033e+02 1.605752816999999943e+00 1.774856999999999962e-01 2.799466999999999928e-01
1.390000000000000124e-01 4.587999999999999717e-02 1.320063000000000102e+02 1.639737812499999947e+00 1.804854999999999932e-01 2.884033999999999764e-01
1.400000000000000133e-01 4.612288999999999972e-02 1.329637999999999920e+02 1.674267114899999909e+00 1.835062000000000082e-01 2.970539999999999847e-01
1.409999999999999865e-01 4.636385999999999979e-02 1.339216000000000122e+02 1.709326284399999896e+00 1.865476000000000079e-01 3.059014999999999929e-01
1.419999999999999873e-01 4.660290000000000266e-02 1.348796000000000106e+02 1.744900094999999984e+00 1.896094000000000113e-01 3.149488999999999761e-01
1.429999999999999882e-01 4.683998999999999802e-02 1.358377999999999872e+02 1.780972784300000056e+00 1.926913000000000098e-01 3.241993000000000236e-01
1.439999999999999891e-01 4.707511999999999808e-02 1.367961999999999989e+02 1.817528320399999897e+00 1.957928999999999919e-01 3.336561000000000110e-01
1.449999999999999900e-01 4.730828000000000116e-02 1.377547999999999888e+02 1.854550641099999897e+00 1.989140000000000075e-01 3.433223000000000247e-01
1.459999999999999909e-01 4.753945999999999866e-02 1.387136000000000138e+02 1.892023933699999994e+00 2.020541999999999894e-01 3.532011999999999929e-01
1.469999999999999918e-01 4.776864000000000110e-02 1.396725999999999885e+02 1.929932883700000046e+00 2.052132999999999874e-01 3.632960000000000078e-01
1.479999999999999927e-01 4.799580999999999986e-02 1.406317999999999984e+02 1.968262940800000083e+00 2.083907999999999872e-01 3.736098999999999948e-01
1.489999999999999936e-01 4.822096000000000021e-02 1.415912999999999897e+02 2.007000567399999991e+00 2.115866000000000136e-01 3.841462999999999961e-01
1.499999999999999944e-01 4.844406999999999880e-02 1.425509999999999877e+02 2.046133468399999877e+00 2.148000999999999938e-01 3.949085999999999985e-01
1.509999999999999953e-01 4.866513000000000089e-02 1.435108999999999924e+02 2.085650823499999973e+00 2.180311000000000055e-01 4.058999999999999830e-01
1.519999999999999962e-01 4.888412999999999786e-02 1.444711000000000070e+02 2.125543486299999785e+00 2.212793000000000121e-01 4.171239999999999948e-01
1.529999999999999971e-01 4.910106000000000193e-02 1.454313999999999965e+02 2.165804156600000141e+00 2.245441999999999994e-01 4.285840000000000205e-01
1.539999999999999980e-01 4.931589000000000111e-02 1.463920999999999992e+02 2.206427576899999909e+00 2.278255999999999892e-01 4.402834999999999943e-01
1.549999999999999989e-01 4.952862999999999710e-02 1.473529000000000053e+02 2.247410617099999897e+00 2.311228999999999922e-01 4.522258000000000111e-01
1.559999999999999998e-01 4.973926000000000042e-02 1.483139999999999930e+02 2.288752418600000116e+00 2.344359000000000026e-01 4.644146000000000107e-01
1.570000000000000007e-01 4.994774999999999909e-02 1.492753999999999905e+02 2.330454443499999861e+00 2.377643000000000117e-01 4.768533999999999828e-01
1.580000000000000016e-01 5.015411000000000175e-02 1.502369999999999948e+02 2.372520535700000099e+00 2.411075000000000024e-01 4.895456999999999725e-01
1.590000000000000024e-01 5.035831999999999808e-02 1.511988000000000056e+02 2.414956920999999923e+00 2.444651999999999936e-01 5.024952000000000307e-01
1.600000000000000033e-01 5.056035999999999864e-02 1.521608999999999980e+02 2.457772190200000040e+00 2.478370000000000017e-01 5.157053999999999805e-01
1.610000000000000042e-01 5.076023000000000340e-02 1.531233000000000004e+02 2.500977248099999883e+00 2.512225000000000152e-01 5.291801000000000421e-01
1.620000000000000051e-01 5.095790000000000042e-02 1.540859000000000094e+02 2.544585216200000222e+00 2.546212999999999949e-01 5.429228999999999861e-01
1.630000000000000060e-01 5.115336999999999662e-02 1.550488000000000000e+02 2.588611309000000027e+00 2.580330000000000124e-01 5.569376000000000326e-01
1.640000000000000069e-01 5.134662999999999727e-02 1.560118999999999971e+02 2.633072693099999917e+00 2.614570999999999978e-01 5.712279000000000106e-01
1.650000000000000078e-01 5.153765999999999903e-02 1.569754000000000076e+02 2.677988332600000021e+00 2.648932999999999982e-01 5.857974999999999710e-01
1.660000000000000087e-01 5.172643999999999853e-02 1.579390999999999963e+02 2.723378724299999831e+00 2.683410999999999991e-01 6.006504000000000287e-01
1.670000000000000095e-01 5.191297000000000272e-02 1.589029999999999916e+02 2.769265705500000063e+00 2.717999999999999861e-01 6.157903000000000127e-01
1.680000000000000104e-01 5.209724000000000299e-02 1.598673000000000002e+02 2.815672195799999944e+00 2.752696000000000032e-01 6.312210999999999794e-01
1.690000000000000113e-01 5.227922000000000124e-02 1.608317999999999870e+02 2.862621945199999907e+00 2.787494999999999834e-01 6.469468999999999914e-01
1.700000000000000122e-01 5.245890999999999749e-02 1.617966999999999871e+02 2.910139204100000043e+00 2.822392000000000234e-01 6.629713000000000411e-01
1.710000000000000131e-01 5.263629999999999698e-02 1.627617999999999938e+02 2.958248474399999939e+00 2.857383000000000006e-01 6.792985999999999747e-01
1.719999999999999862e-01 5.281137000000000331e-02 1.637272000000000105e+02 3.006974189200000147e+00 2.892462000000000089e-01 6.959326000000000123e-01
1.729999999999999871e-01 5.298411000000000093e-02 1.646929000000000087e+02 3.056340404100000185e+00 2.927624999999999811e-01 7.128773999999999944e-01
1.739999999999999880e-01 5.315451000000000203e-02 1.656588999999999885e+02 3.106370508299999944e+00 2.962868000000000168e-01 7.301370000000000360e-01
1.749999999999999889e-01 5.332255000000000328e-02 1.666252000000000066e+02 3.157086923500000086e+00 2.998185999999999907e-01 7.477156999999999831e-01
1.759999999999999898e-01 5.348822000000000298e-02 1.675918000000000063e+02 3.208510817800000137e+00 3.033572999999999964e-01 7.656174000000000035e-01
1.769999999999999907e-01 5.365150999999999948e-02 1.685586999999999875e+02 3.260661846900000160e+00 3.069024000000000196e-01 7.838464000000000542e-01
1.779999999999999916e-01 5.381240999999999802e-02 1.695260000000000105e+02 3.313557893200000048e+00 3.104535999999999962e-01 8.024067999999999756e-01
1.789999999999999925e-01 5.397090999999999694e-02 1.704935000000000116e+02 3.367214841200000031e+00 3.140102000000000171e-01 8.213030000000000053e-01
1.799999999999999933e-01 5.412698999999999983e-02 1.714613999999999976e+02 3.421646388400000127e+00 3.175718000000000152e-01 8.405390999999999835e-01
1.809999999999999942e-01 5.428063999999999806e-02 1.724294999999999902e+02 3.476863860299999942e+00 3.211378999999999762e-01 8.601193999999999784e-01
1.819999999999999951e-01 5.443184999999999690e-02 1.733980999999999995e+02 3.532876078000000142e+00 3.247078999999999938e-01 8.800483999999999529e-01
1.829999999999999960e-01 5.458059999999999995e-02 1.743668999999999869e+02 3.589689247199999933e+00 3.282812999999999981e-01 9.003301999999999694e-01
1.839999999999999969e-01 5.472690000000000193e-02 1.753360999999999876e+02 3.647306910899999810e+00 3.318575999999999748e-01 9.209694999999999965e-01
1.849999999999999978e-01 5.487071000000000309e-02 1.763055999999999983e+02 3.705729908099999914e+00 3.354363000000000206e-01 9.419703999999999855e-01
1.859999999999999987e-01 5.501203999999999816e-02 1.772753999999999905e+02 3.764956360099999788e+00 3.390168000000000070e-01 9.633376999999999635e-01
1.869999999999999996e-01 5.515086999999999767e-02 1.782455999999999960e+02 3.824981778999999804e+00 3.425985999999999754e-01 9.850756999999999985e-01
1.880000000000000004e-01 5.528718999999999995e-02 1.792161000000000115e+02 3.885799087600000146e+00 3.461812000000000222e-01 1.007188999999999890e+00
1.890000000000000013e-01 5.542098000000000163e-02 1.801869000000000085e+02 3.947398802599999978e+00 3.497640000000000193e-01 1.029681999999999986e+00
1.900000000000000022e-01 5.555224000000000273e-02 1.811581999999999937e+02 4.009769145799999990e+00 3.533465000000000078e-01 1.052559000000000022e+00
1.910000000000000031e-01 5.568096000000000156e-02 1.821297000000000139e+02 4.072896288099999929e+00 3.569280000000000230e-01 1.075825999999999949e+00
1.920000000000000040e-01 5.580713000000000340e-02 1.831015999999999906e+02 4.136764550799999718e+00 3.605080999999999980e-01 1.099485999999999963e+00
1.930000000000000049e-01 5.593072999999999795e-02 1.840739000000000090e+02 4.201356658799999977e+00 3.640862000000000265e-01 1.123545000000000016e+00
1.940000000000000058e-01 5.605174999999999741e-02 1.850465000000000089e+02 4.266654052799999874e+00 3.676617999999999831e-01 1.148007000000000000e+00
1.950000000000000067e-01 5.617019000000000178e-02 1.860194999999999936e+02 4.332637151700000189e+00 3.712342000000000142e-01 1.172876999999999947e+00
1.960000000000000075e-01 5.628603000000000078e-02 1.869928999999999917e+02 4.399285711900000173e+00 3.748027999999999915e-01 1.198158999999999974e+00
1.970000000000000084e-01 5.639925999999999967e-02 1.879665999999999997e+02 4.466579148600000160e+00 3.783673000000000175e-01 1.223859000000000030e+00
1.980000000000000093e-01 5.650987999999999845e-02 1.889407999999999959e+02 4.534496872700000125e+00 3.819268000000000107e-01 1.249981999999999926e+00
1.990000000000000102e-01 5.661788000000000237e-02 1.899151999999999987e+02 4.603018642700000385e+00 3.854810000000000181e-01 1.276532000000000000e+00
2.000000000000000111e-01 5.672324000000000116e-02 1.908900999999999897e+02 4.672124911800000113e+00 3.890291000000000166e-01 1.303514000000000062e+00
2.010000000000000120e-01 5.682595000000000007e-02 1.918653999999999940e+02 4.741797145799999669e+00 3.925706999999999947e-01 1.330934000000000061e+00
2.020000000000000129e-01 5.692602000000000079e-02 1.928410000000000082e+02 4.812018187499999655e+00 3.961049999999999849e-01 1.358795999999999893e+00
2.030000000000000138e-01 5.702341999999999828e-02 1.938170000000000073e+02 4.882772512499999884e+00 3.996316999999999786e-01 1.387105000000000032e+00
2.039999999999999869e-01 5.711814999999999948e-02 1.947933999999999912e+02 4.954046543499999622e+00 4.031500000000000083e-01 1.415866999999999987e+00
2.049999999999999878e-01 5.721020999999999745e-02 1.957701999999999884e+02 5.025828914999999952e+00 4.066593000000000013e-01 1.445086000000000093e+00
2.059999999999999887e-01 5.729958000000000273e-02 1.967473999999999990e+02 5.098110674499999995e+00 4.101592000000000016e-01 1.474768000000000079e+00
2.069999999999999896e-01 5.738626000000000144e-02 1.977249999999999943e+02 5.170885481200000022e+00 4.136488999999999860e-01 1.504917999999999978e+00
2.079999999999999905e-01 5.747022999999999715e-02 1.987031000000000063e+02 5.244149781499999996e+00 4.171279999999999988e-01 1.535541999999999963e+00
2.089999999999999913e-01 5.755149999999999849e-02 1.996814999999999998e+02 5.317902884699999611e+00 4.205958000000000196e-01 1.566643000000000008e+00
2.099999999999999922e-01 5.763005000000000211e-02 2.006603000000000065e+02 5.392147040600000274e+00 4.240516999999999759e-01 1.598228999999999900e+00
2.109999999999999931e-01 5.770589000000000274e-02 2.016394999999999982e+02 5.466887469899999630e+00 4.274951000000000167e-01 1.630303000000000058e+00
2.119999999999999940e-01 5.777899000000000229e-02 2.026192000000000064e+02 5.542132313899999829e+00 4.309255000000000169e-01 1.662873000000000046e+00
2.129999999999999949e-01 5.784936000000000245e-02 2.035991999999999962e+02 5.617892571999999696e+00 4.343422000000000116e-01 1.695942000000000061e+00
2.139999999999999958e-01 5.791700000000000320e-02 2.045797000000000025e+02 5.694181980499999796e+00 4.377445999999999837e-01 1.729516000000000053e+00
2.149999999999999967e-01 5.798187999999999953e-02 2.055605999999999938e+02 5.771016803500000236e+00 4.411322999999999772e-01 1.763601999999999892e+00
2.159999999999999976e-01 5.804402000000000172e-02 2.065420000000000016e+02 5.848415639799999788e+00 4.445045000000000246e-01 1.798203999999999914e+00
2.169999999999999984e-01 5.810339999999999949e-02 2.075236999999999910e+02 5.926399136299999704e+00 4.478607000000000005e-01 1.833328000000000069e+00
2.179999999999999993e-01 5.816003000000000145e-02 2.085058999999999969e+02 6.004989683699999858e+00 4.512001999999999957e-01 1.868978999999999946e+00
2.190000000000000002e-01 5.821388999999999730e-02 2.094885999999999910e+02 6.084211082100000390e+00 4.545225999999999988e-01 1.905164000000000080e+00
2.200000000000000011e-01 5.826498000000000094e-02 2.104715999999999951e+02 6.164088109699999762e+00 4.578271999999999897e-01 1.941888000000000059e+00
2.210000000000000020e-01 5.831329999999999847e-02 2.114551999999999907e+02 6.244646137200000169e+00 4.611135000000000095e-01 1.979155999999999915e+00
2.220000000000000029e-01 5.835884999999999684e-02 2.124390999999999963e+02 6.325910698200000404e+00 4.643807999999999825e-01 2.016974999999999962e+00
2.230000000000000038e-01 5.840162000000000131e-02 2.134234999999999900e+02 6.407906977199999687e+00 4.676285000000000025e-01 2.055349999999999788e+00
2.240000000000000047e-01 5.844160999999999800e-02 2.144082999999999970e+02 6.490659370200000389e+00 4.708562000000000025e-01 2.094287000000000010e+00
2.250000000000000056e-01 5.847882000000000080e-02 2.153935999999999922e+02 6.574191005300000334e+00 4.740632000000000179e-01 2.133792999999999829e+00
2.260000000000000064e-01 5.851325000000000276e-02 2.163794000000000040e+02 6.658523223699999605e+00 4.772488999999999759e-01 2.173871999999999804e+00
2.270000000000000073e-01 5.854489000000000221e-02 2.173656000000000006e+02 6.743675129499999699e+00 4.804127999999999732e-01 2.214531000000000027e+00
2.280000000000000082e-01 5.857375000000000081e-02 2.183523000000000138e+02 6.829663118000000033e+00 4.835542999999999925e-01 2.255776000000000003e+00
2.290000000000000091e-01 5.859981999999999691e-02 2.193394000000000119e+02 6.916500471300000008e+00 4.866728000000000165e-01 2.297613000000000127e+00
2.300000000000000100e-01 5.862309999999999743e-02 2.203269999999999982e+02 7.004196871799999613e+00 4.897677999999999754e-01 2.340047999999999906e+00
2.310000000000000109e-01 5.864359000000000238e-02 2.213151000000000010e+02 7.092758108299999975e+00 4.928387000000000184e-01 2.383087000000000177e+00
2.320000000000000118e-01 5.866129999999999955e-02 2.223035999999999888e+02 7.182185736200000115e+00 4.958850000000000202e-01 2.426736000000000004e+00
2.330000000000000127e-01 5.867622000000000115e-02 2.232925999999999931e+02 7.272476749399999996e+00 4.989062000000000219e-01 2.471001999999999921e+00
2.340000000000000135e-01 5.868835000000000024e-02 2.242821000000000140e+02 7.363623432499999844e+00 5.019015000000000004e-01 2.515890999999999877e+00
2.349999999999999867e-01 5.869769999999999849e-02 2.252719999999999914e+02 7.455613203300000436e+00 5.048707000000000056e-01 2.561408000000000129e+00
2.359999999999999876e-01 5.870427000000000284e-02 2.262624000000000137e+02 7.548428484499999591e+00 5.078129999999999589e-01 2.607561000000000018e+00
2.369999999999999885e-01 5.870805999999999941e-02 2.272533999999999992e+02 7.642046748400000311e+00 5.107279000000000124e-01 2.654355999999999938e+00
2.379999999999999893e-01 5.870907000000000209e-02 2.282447999999999979e+02 7.736440602800000121e+00 5.136150000000000437e-01 2.701798999999999840e+00
2.389999999999999902e-01 5.870729999999999699e-02 2.292366000000000099e+02 7.831577907299999808e+00 5.164737999999999829e-01 2.749896999999999814e+00
2.399999999999999911e-01 5.870275999999999966e-02 2.302290000000000134e+02 7.927422038599999610e+00 5.193035999999999763e-01 2.798655000000000115e+00
